# timestamp tx ty tz qx qy qz qw
1762554210.681439 0.822945 0.074701 0.000000 0.000000 0.000000 -0.996638 0.081937
1762554210.714435 0.828024 0.075162 0.000000 0.000000 0.000000 -0.996634 0.081981
1762554210.747737 0.833150 0.075627 0.000000 0.000000 0.000000 -0.996626 0.082071
1762554210.780539 0.838199 0.076087 0.000000 0.000000 0.000000 -0.996611 0.082263
1762554210.813472 0.843269 0.076547 0.000000 0.000000 0.000000 -0.996612 0.082250
1762554210.846480 0.848350 0.077009 0.000000 0.000000 0.000000 -0.996603 0.082356
1762554210.879472 0.853428 0.077470 0.000000 0.000000 0.000000 -0.996611 0.082257
1762554210.912481 0.858509 0.077930 0.000000 0.000000 0.000000 -0.996616 0.082199
1762554210.945475 0.863588 0.078391 0.000000 0.000000 0.000000 -0.996623 0.082119
1762554210.978473 0.868668 0.078851 0.000000 0.000000 0.000000 -0.996623 0.082118
1762554211.011482 0.873749 0.079312 0.000000 0.000000 0.000000 -0.996620 0.082152
1762554211.044451 0.878824 0.079772 0.000000 0.000000 0.000000 -0.996621 0.082133
1762554211.077447 0.883903 0.080233 0.000000 0.000000 0.000000 -0.996618 0.082175
1762554211.110474 0.888987 0.080694 0.000000 0.000000 0.000000 -0.996617 0.082181
1762554211.143440 0.894062 0.081154 0.000000 0.000000 0.000000 -0.996616 0.082195
1762554211.176446 0.899143 0.081616 0.000000 0.000000 0.000000 -0.996615 0.082205
1762554211.209446 0.904222 0.082077 0.000000 0.000000 0.000000 -0.996617 0.082189
1762554211.242452 0.909303 0.082538 0.000000 0.000000 0.000000 -0.996616 0.082193
1762554211.275473 0.914386 0.082999 0.000000 0.000000 0.000000 -0.996619 0.082162
1762554211.308464 0.919464 0.083460 0.000000 0.000000 0.000000 -0.996620 0.082144
1762554211.341451 0.924542 0.083921 0.000000 0.000000 0.000000 -0.996623 0.082116
1762554211.374455 0.929623 0.084382 0.000000 0.000000 0.000000 -0.996624 0.082096
1762554211.407474 0.934705 0.084843 0.000000 0.000000 0.000000 -0.996627 0.082067
1762554211.440464 0.939784 0.085304 0.000000 0.000000 0.000000 -0.996626 0.082077
1762554211.473477 0.944865 0.085765 0.000000 0.000000 0.000000 -0.996625 0.082090
1762554211.506481 0.949946 0.086227 0.000000 0.000000 0.000000 -0.996623 0.082113
1762554211.539468 0.955024 0.086688 0.000000 0.000000 0.000000 -0.996623 0.082116
1762554211.572477 0.960105 0.087149 0.000000 0.000000 0.000000 -0.996624 0.082104
1762554211.605461 0.965182 0.087610 0.000000 0.000000 0.000000 -0.996626 0.082074
1762554211.638451 0.970260 0.088071 0.000000 0.000000 0.000000 -0.996629 0.082041
1762554211.671478 0.975344 0.088532 0.000000 0.000000 0.000000 -0.996630 0.082028
1762554211.704458 0.980421 0.088993 0.000000 0.000000 0.000000 -0.996629 0.082036
1762554211.737452 0.985500 0.089454 0.000000 0.000000 0.000000 -0.996629 0.082042
1762554211.770495 0.990586 0.089916 0.000000 0.000000 0.000000 -0.996629 0.082039
1762554211.803559 0.995676 0.090378 0.000000 0.000000 0.000000 -0.996629 0.082044
1762554211.836529 1.000751 0.090839 0.000000 0.000000 0.000000 -0.996629 0.082044
1762554211.869481 1.005823 0.091299 0.000000 0.000000 0.000000 -0.996629 0.082036
1762554211.902494 1.010905 0.091761 0.000000 0.000000 0.000000 -0.996632 0.082005
1762554211.935465 1.015981 0.092221 0.000000 0.000000 0.000000 -0.996636 0.081957
1762554211.968471 1.023355 0.092837 0.000000 0.000000 0.000000 -0.997121 0.075823
1762554212.001462 1.033335 0.093630 0.000000 0.000000 0.000000 -0.999810 0.019514
1762554212.034459 1.046477 0.094126 0.000000 0.000000 0.000000 0.803081 0.595870
1762554212.067509 1.062760 0.089477 0.000000 0.000000 0.000000 0.728804 0.684722
1762554212.100497 1.079255 0.097231 0.000000 0.000000 0.000000 0.952405 0.304836
1762554212.133487 1.096397 0.095477 0.000000 0.000000 0.000000 0.939146 0.343518
1762554212.166481 1.115371 0.092696 0.000000 0.000000 0.000000 0.917811 0.397017
1762554212.199487 1.135609 0.090605 0.000000 0.000000 0.000000 0.907753 0.419505
1762554212.232484 1.156812 0.089692 0.000000 0.000000 0.000000 0.910124 0.414337
1762554212.265823 1.179154 0.089817 0.000000 0.000000 0.000000 0.919123 0.393971
1762554212.298505 1.202343 0.090741 0.000000 0.000000 0.000000 0.929720 0.368266
1762554212.331517 1.226776 0.092140 0.000000 0.000000 0.000000 0.939746 0.341875
1762554212.364461 1.252282 0.093885 0.000000 0.000000 0.000000 0.948346 0.317238
1762554212.397485 1.278862 0.095866 0.000000 0.000000 0.000000 0.955425 0.295233
1762554212.430472 1.306379 0.098027 0.000000 0.000000 0.000000 0.961115 0.276148
1762554212.463710 1.334880 0.100318 0.000000 0.000000 0.000000 0.965650 0.259844
1762554212.496662 1.363989 0.102731 0.000000 0.000000 0.000000 0.969233 0.246145
1762554212.529480 1.393658 0.105230 0.000000 0.000000 0.000000 0.972061 0.234729
1762554212.562491 1.423979 0.107795 0.000000 0.000000 0.000000 0.974303 0.225242
1762554212.595972 1.455064 0.110425 0.000000 0.000000 0.000000 0.976093 0.217352
1762554212.628462 1.485926 0.113113 0.000000 0.000000 0.000000 0.977518 0.210850
1762554212.661464 1.517411 0.115837 0.000000 0.000000 0.000000 0.978667 0.205453
1762554212.694471 1.549160 0.118598 0.000000 0.000000 0.000000 0.979596 0.200978
1762554212.727463 1.581107 0.121391 0.000000 0.000000 0.000000 0.980356 0.197238
1762554212.760450 1.613213 0.124207 0.000000 0.000000 0.000000 0.980983 0.194095
1762554212.793456 1.645458 0.127042 0.000000 0.000000 0.000000 0.981506 0.191430
1762554212.826477 1.677805 0.129892 0.000000 0.000000 0.000000 0.981949 0.189144
1762554212.859457 1.710186 0.132750 0.000000 0.000000 0.000000 0.982330 0.187159
1762554212.925488 1.775100 0.138479 0.000000 0.000000 0.000000 0.982948 0.183884
1762554212.958504 1.807569 0.141339 0.000000 0.000000 0.000000 0.983200 0.182533
1762554212.991489 1.840000 0.144190 0.000000 0.000000 0.000000 0.983420 0.181340
1762554213.024467 1.872399 0.147027 0.000000 0.000000 0.000000 0.983612 0.180296
1762554213.057488 1.904801 0.149854 0.000000 0.000000 0.000000 0.983788 0.179333
1762554213.090472 1.937125 0.152664 0.000000 0.000000 0.000000 0.983953 0.178429
1762554213.123857 1.969756 0.155476 0.000000 0.000000 0.000000 0.984090 0.177668
1762554213.156491 2.001840 0.158113 0.000000 0.000000 0.000000 0.984177 0.177188
1762554213.189490 2.034612 0.160498 0.000000 0.000000 0.000000 0.984152 0.177330
1762554213.222455 2.067676 0.162648 0.000000 0.000000 0.000000 0.984048 0.177902
1762554213.255468 2.101074 0.164602 0.000000 0.000000 0.000000 0.983893 0.178756
1762554213.288772 2.135013 0.166398 0.000000 0.000000 0.000000 0.983696 0.179838
1762554213.321464 2.168590 0.168007 0.000000 0.000000 0.000000 0.983472 0.181061
1762554213.354471 2.202678 0.169505 0.000000 0.000000 0.000000 0.983224 0.182402
1762554213.387492 2.236960 0.170887 0.000000 0.000000 0.000000 0.982958 0.183831
1762554213.420497 2.271388 0.172167 0.000000 0.000000 0.000000 0.982684 0.185289
1762554213.453619 2.306074 0.173364 0.000000 0.000000 0.000000 0.982406 0.186759
1762554213.486494 2.340633 0.174469 0.000000 0.000000 0.000000 0.982127 0.188217
1762554213.519493 2.375426 0.175513 0.000000 0.000000 0.000000 0.981855 0.189635
1762554213.552494 2.410313 0.176498 0.000000 0.000000 0.000000 0.981590 0.191002
1762554213.585472 2.445253 0.177427 0.000000 0.000000 0.000000 0.981329 0.192335
1762554213.618503 2.480317 0.178312 0.000000 0.000000 0.000000 0.981078 0.193611
1762554213.651495 2.515392 0.179152 0.000000 0.000000 0.000000 0.980834 0.194847
1762554213.684472 2.550496 0.179952 0.000000 0.000000 0.000000 0.980596 0.196040
1762554213.717475 2.585663 0.180720 0.000000 0.000000 0.000000 0.980366 0.197185
1762554213.750496 2.620875 0.181458 0.000000 0.000000 0.000000 0.980148 0.198269
1762554213.783496 2.656079 0.182169 0.000000 0.000000 0.000000 0.979940 0.199291
1762554213.816496 2.691294 0.182857 0.000000 0.000000 0.000000 0.979747 0.200238
1762554213.849494 2.726507 0.183523 0.000000 0.000000 0.000000 0.979563 0.201139
1762554213.882496 2.761720 0.184170 0.000000 0.000000 0.000000 0.979389 0.201982
1762554213.915502 2.796926 0.184802 0.000000 0.000000 0.000000 0.979230 0.202752
1762554213.948499 2.832106 0.185417 0.000000 0.000000 0.000000 0.979078 0.203485
1762554213.981470 2.867232 0.186017 0.000000 0.000000 0.000000 0.978938 0.204156
1762554214.014477 2.902373 0.186607 0.000000 0.000000 0.000000 0.978808 0.204779
1762554214.047720 2.937758 0.187195 0.000000 0.000000 0.000000 0.978685 0.205367
1762554214.080499 2.972563 0.187749 0.000000 0.000000 0.000000 0.978570 0.205915
1762554214.113868 3.008021 0.188319 0.000000 0.000000 0.000000 0.978463 0.206420
1762554214.146476 3.042536 0.188844 0.000000 0.000000 0.000000 0.978369 0.206865
1762554214.179930 3.078008 0.189400 0.000000 0.000000 0.000000 0.978285 0.207266
1762554214.212500 3.112375 0.189907 0.000000 0.000000 0.000000 0.978213 0.207602
1762554214.245481 3.147194 0.190429 0.000000 0.000000 0.000000 0.978149 0.207905
1762554214.278475 3.182161 0.190999 0.000000 0.000000 0.000000 0.978089 0.208186
1762554214.311852 3.217713 0.191639 0.000000 0.000000 0.000000 0.978050 0.208369
1762554214.344506 3.252495 0.192292 0.000000 0.000000 0.000000 0.978025 0.208489
1762554214.377500 3.287793 0.193002 0.000000 0.000000 0.000000 0.978007 0.208573
1762554214.410501 3.323188 0.193747 0.000000 0.000000 0.000000 0.977991 0.208647
1762554214.443860 3.359099 0.194542 0.000000 0.000000 0.000000 0.977982 0.208690
1762554214.476501 3.394197 0.195336 0.000000 0.000000 0.000000 0.977978 0.208707
1762554214.509480 3.429774 0.196174 0.000000 0.000000 0.000000 0.977977 0.208711
1762554214.542481 3.465432 0.197037 0.000000 0.000000 0.000000 0.977978 0.208709
1762554214.575501 3.501158 0.197924 0.000000 0.000000 0.000000 0.977979 0.208703
1762554214.608546 3.536953 0.198833 0.000000 0.000000 0.000000 0.977982 0.208688
1762554214.641895 3.573153 0.199780 0.000000 0.000000 0.000000 0.977995 0.208629
1762554214.674503 3.608453 0.200714 0.000000 0.000000 0.000000 0.978007 0.208572
1762554214.707557 3.644332 0.201692 0.000000 0.000000 0.000000 0.978028 0.208475
1762554214.740592 3.680198 0.202687 0.000000 0.000000 0.000000 0.978043 0.208401
1762554214.773488 3.715897 0.203693 0.000000 0.000000 0.000000 0.978052 0.208359
1762554214.806719 3.752018 0.204728 0.000000 0.000000 0.000000 0.978053 0.208356
1762554214.839483 3.787546 0.205760 0.000000 0.000000 0.000000 0.978050 0.208371
1762554214.872510 3.823400 0.206818 0.000000 0.000000 0.000000 0.978042 0.208409
1762554214.905507 3.859204 0.207889 0.000000 0.000000 0.000000 0.978027 0.208479
1762554214.938506 3.894994 0.208977 0.000000 0.000000 0.000000 0.978011 0.208552
1762554214.971506 3.930765 0.210077 0.000000 0.000000 0.000000 0.977988 0.208659
1762554215.004505 3.966512 0.211193 0.000000 0.000000 0.000000 0.977964 0.208773
1762554215.037515 4.002245 0.212323 0.000000 0.000000 0.000000 0.977932 0.208922
1762554215.070505 4.037921 0.213466 0.000000 0.000000 0.000000 0.977898 0.209083
1762554215.103527 4.073607 0.214625 0.000000 0.000000 0.000000 0.977862 0.209253
1762554215.136479 4.109167 0.215793 0.000000 0.000000 0.000000 0.977815 0.209469
1762554215.169490 4.144767 0.216975 0.000000 0.000000 0.000000 0.977765 0.209705
1762554215.202479 4.180297 0.218169 0.000000 0.000000 0.000000 0.977711 0.209957
1762554215.235478 4.215800 0.219376 0.000000 0.000000 0.000000 0.977658 0.210204
1762554215.268478 4.251267 0.220590 0.000000 0.000000 0.000000 0.977602 0.210462
1762554215.301479 4.286703 0.221810 0.000000 0.000000 0.000000 0.977549 0.210707
1762554215.334501 4.322132 0.223032 0.000000 0.000000 0.000000 0.977491 0.210979
1762554215.367471 4.357455 0.224253 0.000000 0.000000 0.000000 0.977430 0.211261
1762554215.400479 4.392791 0.225478 0.000000 0.000000 0.000000 0.977371 0.211534
1762554215.433479 4.428075 0.226704 0.000000 0.000000 0.000000 0.977316 0.211785
1762554215.466485 4.463327 0.227930 0.000000 0.000000 0.000000 0.977264 0.212024
1762554215.499480 4.498522 0.229154 0.000000 0.000000 0.000000 0.977215 0.212252
1762554215.532481 4.533682 0.230377 0.000000 0.000000 0.000000 0.977169 0.212463
1762554215.565472 4.568785 0.231597 0.000000 0.000000 0.000000 0.977129 0.212647
1762554215.598480 4.603865 0.232817 0.000000 0.000000 0.000000 0.977094 0.212807
1762554215.631481 4.638891 0.234032 0.000000 0.000000 0.000000 0.977062 0.212953
1762554215.664483 4.673872 0.235244 0.000000 0.000000 0.000000 0.977036 0.213074
1762554215.697502 4.708830 0.236450 0.000000 0.000000 0.000000 0.977009 0.213196
1762554215.730483 4.743693 0.237650 0.000000 0.000000 0.000000 0.976987 0.213298
1762554215.763484 4.778533 0.238844 0.000000 0.000000 0.000000 0.976966 0.213393
1762554215.796478 4.813319 0.240034 0.000000 0.000000 0.000000 0.976952 0.213457
1762554215.829482 4.848072 0.241219 0.000000 0.000000 0.000000 0.976944 0.213495
1762554215.862485 4.882777 0.242397 0.000000 0.000000 0.000000 0.976936 0.213533
1762554215.895475 4.917419 0.243569 0.000000 0.000000 0.000000 0.976932 0.213549
1762554215.928473 4.952026 0.244734 0.000000 0.000000 0.000000 0.976926 0.213579
1762554215.961473 4.986588 0.245895 0.000000 0.000000 0.000000 0.976925 0.213583
1762554215.994476 5.021111 0.247050 0.000000 0.000000 0.000000 0.976925 0.213582
1762554216.027477 5.055586 0.248199 0.000000 0.000000 0.000000 0.976926 0.213578
1762554216.060478 5.090016 0.249344 0.000000 0.000000 0.000000 0.976929 0.213565
1762554216.093486 5.124412 0.250485 0.000000 0.000000 0.000000 0.976935 0.213539
1762554216.126531 5.158811 0.251625 0.000000 0.000000 0.000000 0.976942 0.213505
1762554216.159837 5.193491 0.252773 0.000000 0.000000 0.000000 0.976949 0.213473
1762554216.192809 5.227708 0.253899 0.000000 0.000000 0.000000 0.976950 0.213467
1762554216.258519 5.295667 0.256131 0.000000 0.000000 0.000000 0.976952 0.213461
1762554216.291494 5.329516 0.257249 0.000000 0.000000 0.000000 0.976947 0.213484
1762554216.324491 5.363174 0.258372 0.000000 0.000000 0.000000 0.976948 0.213476
1762554216.357518 5.396660 0.259496 0.000000 0.000000 0.000000 0.976949 0.213475
1762554216.390517 5.429908 0.260619 0.000000 0.000000 0.000000 0.976945 0.213489
1762554216.423517 5.462963 0.261740 0.000000 0.000000 0.000000 0.976937 0.213526
1762554216.456518 5.495834 0.262861 0.000000 0.000000 0.000000 0.976928 0.213569
1762554216.489518 5.528525 0.263980 0.000000 0.000000 0.000000 0.976915 0.213630
1762554216.522519 5.561046 0.265098 0.000000 0.000000 0.000000 0.976898 0.213705
1762554216.555519 5.593402 0.266214 0.000000 0.000000 0.000000 0.976883 0.213776
1762554216.588520 5.625602 0.267329 0.000000 0.000000 0.000000 0.976866 0.213852
1762554216.621520 5.657652 0.268442 0.000000 0.000000 0.000000 0.976848 0.213935
1762554216.654520 5.689559 0.269553 0.000000 0.000000 0.000000 0.976832 0.214007
1762554216.687520 5.721330 0.270663 0.000000 0.000000 0.000000 0.976817 0.214076
1762554216.720520 5.752970 0.271769 0.000000 0.000000 0.000000 0.976800 0.214153
1762554216.753518 5.784486 0.272874 0.000000 0.000000 0.000000 0.976785 0.214223
1762554216.786519 5.815886 0.273976 0.000000 0.000000 0.000000 0.976767 0.214303
1762554216.819520 5.847176 0.275076 0.000000 0.000000 0.000000 0.976751 0.214377
1762554216.852499 5.878334 0.276171 0.000000 0.000000 0.000000 0.976733 0.214460
1762554216.885581 5.909511 0.277267 0.000000 0.000000 0.000000 0.976714 0.214545
1762554216.918504 5.940409 0.278355 0.000000 0.000000 0.000000 0.976700 0.214610
1762554216.951523 5.971328 0.279445 0.000000 0.000000 0.000000 0.976689 0.214659
1762554216.984501 6.002118 0.280531 0.000000 0.000000 0.000000 0.976678 0.214711
1762554217.017501 6.032852 0.281616 0.000000 0.000000 0.000000 0.976669 0.214749
1762554217.050501 6.063514 0.282699 0.000000 0.000000 0.000000 0.976662 0.214783
1762554217.083520 6.094128 0.283777 0.000000 0.000000 0.000000 0.976645 0.214859
1762554217.116526 6.124660 0.284854 0.000000 0.000000 0.000000 0.976633 0.214914
1762554217.149525 6.155124 0.285933 0.000000 0.000000 0.000000 0.976635 0.214904
1762554217.182524 6.185532 0.287006 0.000000 0.000000 0.000000 0.976627 0.214943
1762554217.215526 6.215892 0.288074 0.000000 0.000000 0.000000 0.976611 0.215015
1762554217.248521 6.246197 0.289142 0.000000 0.000000 0.000000 0.976603 0.215052
1762554217.281524 6.276466 0.290206 0.000000 0.000000 0.000000 0.976591 0.215104
1762554217.314507 6.306672 0.291267 0.000000 0.000000 0.000000 0.976581 0.215152
1762554217.347526 6.336882 0.292326 0.000000 0.000000 0.000000 0.976571 0.215194
1762554217.380527 6.367039 0.293384 0.000000 0.000000 0.000000 0.976566 0.215219
1762554217.413527 6.397165 0.294439 0.000000 0.000000 0.000000 0.976559 0.215249
1762554217.446798 6.427558 0.295504 0.000000 0.000000 0.000000 0.976555 0.215268
1762554217.479528 6.457701 0.296498 0.000000 0.000000 0.000000 0.976562 0.215237
1762554217.512614 6.488570 0.297460 0.000000 0.000000 0.000000 0.976578 0.215163
1762554217.545528 6.519575 0.298371 0.000000 0.000000 0.000000 0.976599 0.215069
1762554217.578590 6.551051 0.299245 0.000000 0.000000 0.000000 0.976621 0.214970
1762554217.611549 6.582718 0.300078 0.000000 0.000000 0.000000 0.976650 0.214836
1762554217.644498 6.614665 0.300874 0.000000 0.000000 0.000000 0.976684 0.214684
1762554217.677497 6.646946 0.301640 0.000000 0.000000 0.000000 0.976721 0.214516
1762554217.710528 6.679531 0.302374 0.000000 0.000000 0.000000 0.976756 0.214355
1762554217.743748 6.712581 0.303086 0.000000 0.000000 0.000000 0.976796 0.214173
1762554217.776506 6.745386 0.303754 0.000000 0.000000 0.000000 0.976838 0.213981
1762554217.809531 6.778719 0.304408 0.000000 0.000000 0.000000 0.976882 0.213777
1762554217.842521 6.812248 0.305038 0.000000 0.000000 0.000000 0.976928 0.213571
1762554217.875531 6.846021 0.305648 0.000000 0.000000 0.000000 0.976975 0.213355
1762554217.908523 6.879991 0.306239 0.000000 0.000000 0.000000 0.977023 0.213135
1762554217.941530 6.914186 0.306812 0.000000 0.000000 0.000000 0.977069 0.212921
1762554217.974509 6.948548 0.307368 0.000000 0.000000 0.000000 0.977116 0.212706
1762554218.007530 6.983147 0.307912 0.000000 0.000000 0.000000 0.977164 0.212485
1762554218.040508 7.017884 0.308441 0.000000 0.000000 0.000000 0.977212 0.212267
1762554218.073532 7.052846 0.308960 0.000000 0.000000 0.000000 0.977257 0.212056
1762554218.106517 7.087936 0.309465 0.000000 0.000000 0.000000 0.977300 0.211861
1762554218.139807 7.123514 0.309969 0.000000 0.000000 0.000000 0.977342 0.211665
1762554218.172534 7.158645 0.310449 0.000000 0.000000 0.000000 0.977386 0.211464
1762554218.205550 7.194233 0.310929 0.000000 0.000000 0.000000 0.977430 0.211259
1762554218.238532 7.229926 0.311403 0.000000 0.000000 0.000000 0.977475 0.211052
1762554218.271536 7.265779 0.311871 0.000000 0.000000 0.000000 0.977517 0.210856
1762554218.304536 7.301757 0.312332 0.000000 0.000000 0.000000 0.977555 0.210683
1762554218.337535 7.337857 0.312787 0.000000 0.000000 0.000000 0.977589 0.210524
1762554218.370511 7.374051 0.313239 0.000000 0.000000 0.000000 0.977624 0.210361
1762554218.403508 7.410380 0.313690 0.000000 0.000000 0.000000 0.977664 0.210174
1762554218.436512 7.446822 0.314139 0.000000 0.000000 0.000000 0.977706 0.209978
1762554218.469514 7.483364 0.314585 0.000000 0.000000 0.000000 0.977744 0.209804
1762554218.502558 7.520049 0.315032 0.000000 0.000000 0.000000 0.977781 0.209628
1762554218.535513 7.556729 0.315473 0.000000 0.000000 0.000000 0.977810 0.209492
1762554218.568536 7.593569 0.315915 0.000000 0.000000 0.000000 0.977838 0.209365
1762554218.601813 7.630770 0.316362 0.000000 0.000000 0.000000 0.977865 0.209238
1762554218.634537 7.667446 0.316795 0.000000 0.000000 0.000000 0.977891 0.209116
1762554218.667537 7.704496 0.317235 0.000000 0.000000 0.000000 0.977918 0.208988
1762554218.700752 7.741850 0.317683 0.000000 0.000000 0.000000 0.977950 0.208840
1762554218.733806 7.779095 0.318128 0.000000 0.000000 0.000000 0.977982 0.208687
1762554218.766856 7.816399 0.318575 0.000000 0.000000 0.000000 0.978013 0.208545
1762554218.799540 7.853357 0.319015 0.000000 0.000000 0.000000 0.978038 0.208428
1762554218.832538 7.890714 0.319461 0.000000 0.000000 0.000000 0.978057 0.208339
1762554218.865541 7.928127 0.319906 0.000000 0.000000 0.000000 0.978071 0.208271
1762554218.898540 7.965583 0.320353 0.000000 0.000000 0.000000 0.978084 0.208211
1762554218.931540 8.003086 0.320802 0.000000 0.000000 0.000000 0.978100 0.208134
1762554218.964517 8.040813 0.321236 0.000000 0.000000 0.000000 0.978120 0.208041
1762554218.997540 8.079048 0.321643 0.000000 0.000000 0.000000 0.978150 0.207899
1762554219.030545 8.117702 0.322020 0.000000 0.000000 0.000000 0.978179 0.207765
1762554219.063543 8.156768 0.322373 0.000000 0.000000 0.000000 0.978214 0.207601
1762554219.096517 8.196208 0.322701 0.000000 0.000000 0.000000 0.978251 0.207424
1762554219.129541 8.236087 0.323005 0.000000 0.000000 0.000000 0.978285 0.207264
1762554219.162570 8.276337 0.323289 0.000000 0.000000 0.000000 0.978321 0.207095
1762554219.195543 8.316872 0.323551 0.000000 0.000000 0.000000 0.978358 0.206920
1762554219.228542 8.357770 0.323795 0.000000 0.000000 0.000000 0.978395 0.206745
1762554219.261519 8.398959 0.324023 0.000000 0.000000 0.000000 0.978436 0.206551
1762554219.294518 8.440474 0.324237 0.000000 0.000000 0.000000 0.978482 0.206332
1762554219.327521 8.482279 0.324438 0.000000 0.000000 0.000000 0.978530 0.206104
1762554219.360541 8.524376 0.324625 0.000000 0.000000 0.000000 0.978577 0.205882
1762554219.393518 8.566681 0.324801 0.000000 0.000000 0.000000 0.978625 0.205652
1762554219.426534 8.609276 0.324965 0.000000 0.000000 0.000000 0.978670 0.205440
1762554219.459684 8.652261 0.325120 0.000000 0.000000 0.000000 0.978711 0.205243
1762554219.492844 8.695481 0.325264 0.000000 0.000000 0.000000 0.978749 0.205063
1762554219.558521 8.781760 0.325515 0.000000 0.000000 0.000000 0.978824 0.204706
1762554219.591766 8.825665 0.325633 0.000000 0.000000 0.000000 0.978859 0.204536
1762554219.624524 8.869159 0.325738 0.000000 0.000000 0.000000 0.978898 0.204350
1762554219.657548 8.913131 0.325842 0.000000 0.000000 0.000000 0.978938 0.204160
1762554219.690523 8.957197 0.325939 0.000000 0.000000 0.000000 0.978977 0.203970
1762554219.723567 9.001488 0.326031 0.000000 0.000000 0.000000 0.979015 0.203788
1762554219.756627 9.045975 0.326114 0.000000 0.000000 0.000000 0.979049 0.203626
1762554219.789519 9.090577 0.326177 0.000000 0.000000 0.000000 0.979081 0.203472
1762554219.822517 9.135612 0.326223 0.000000 0.000000 0.000000 0.979112 0.203320
1762554219.855522 9.180941 0.326252 0.000000 0.000000 0.000000 0.979142 0.203177
1762554219.888547 9.226569 0.326265 0.000000 0.000000 0.000000 0.979171 0.203036
1762554219.921551 9.272429 0.326265 0.000000 0.000000 0.000000 0.979203 0.202883
1762554219.954527 9.318494 0.326252 0.000000 0.000000 0.000000 0.979236 0.202722
1762554219.987548 9.364846 0.326226 0.000000 0.000000 0.000000 0.979266 0.202576
1762554220.020549 9.411387 0.326188 0.000000 0.000000 0.000000 0.979298 0.202425
1762554220.053552 9.458132 0.326138 0.000000 0.000000 0.000000 0.979325 0.202294
1762554220.086550 9.505061 0.326076 0.000000 0.000000 0.000000 0.979351 0.202168
1762554220.119551 9.552169 0.326007 0.000000 0.000000 0.000000 0.979378 0.202037
1762554220.152552 9.599444 0.325928 0.000000 0.000000 0.000000 0.979404 0.201908
1762554220.185552 9.646871 0.325840 0.000000 0.000000 0.000000 0.979428 0.201792
1762554220.218532 9.694416 0.325746 0.000000 0.000000 0.000000 0.979456 0.201659
1762554220.251538 9.742127 0.325643 0.000000 0.000000 0.000000 0.979476 0.201560
1762554220.284551 9.789971 0.325534 0.000000 0.000000 0.000000 0.979496 0.201461
1762554220.317551 9.837911 0.325416 0.000000 0.000000 0.000000 0.979513 0.201382
1762554220.350526 9.885921 0.325291 0.000000 0.000000 0.000000 0.979526 0.201316
1762554220.383936 9.934614 0.325161 0.000000 0.000000 0.000000 0.979539 0.201255
1762554220.416554 9.982326 0.325027 0.000000 0.000000 0.000000 0.979556 0.201171
1762554220.449573 10.030655 0.324888 0.000000 0.000000 0.000000 0.979570 0.201102
1762554220.482505 10.078937 0.324744 0.000000 0.000000 0.000000 0.979583 0.201042
1762554220.515538 10.127419 0.324596 0.000000 0.000000 0.000000 0.979595 0.200982
1762554220.548552 10.175931 0.324444 0.000000 0.000000 0.000000 0.979604 0.200939
1762554220.581555 10.224659 0.324195 0.000000 0.000000 0.000000 0.979607 0.200921
1762554220.614519 10.273555 0.323851 0.000000 0.000000 0.000000 0.979608 0.200919
1762554220.647526 10.322720 0.323414 0.000000 0.000000 0.000000 0.979603 0.200941
1762554220.680526 10.372069 0.322891 0.000000 0.000000 0.000000 0.979596 0.200977
1762554220.713525 10.421602 0.322283 0.000000 0.000000 0.000000 0.979583 0.201040
1762554220.746526 10.471307 0.321595 0.000000 0.000000 0.000000 0.979567 0.201116
1762554220.779531 10.521180 0.320832 0.000000 0.000000 0.000000 0.979548 0.201210
1762554220.812529 10.571190 0.319994 0.000000 0.000000 0.000000 0.979521 0.201340
1762554220.845533 10.621348 0.319086 0.000000 0.000000 0.000000 0.979492 0.201482
1762554220.878563 10.671671 0.318114 0.000000 0.000000 0.000000 0.979462 0.201627
1762554220.911536 10.722029 0.317080 0.000000 0.000000 0.000000 0.979431 0.201777
1762554220.944558 10.772569 0.315990 0.000000 0.000000 0.000000 0.979401 0.201924
1762554220.977556 10.823172 0.314844 0.000000 0.000000 0.000000 0.979369 0.202080
1762554221.010558 10.873872 0.313649 0.000000 0.000000 0.000000 0.979338 0.202232
1762554221.043604 10.924719 0.312403 0.000000 0.000000 0.000000 0.979301 0.202412
1762554221.076564 10.975514 0.311110 0.000000 0.000000 0.000000 0.979258 0.202616
1762554221.109551 11.026417 0.309772 0.000000 0.000000 0.000000 0.979213 0.202836
1762554221.142536 11.077376 0.308396 0.000000 0.000000 0.000000 0.979170 0.203041
1762554221.175537 11.128410 0.306981 0.000000 0.000000 0.000000 0.979127 0.203247
1762554221.208560 11.179523 0.305532 0.000000 0.000000 0.000000 0.979088 0.203439
1762554221.241566 11.230652 0.304054 0.000000 0.000000 0.000000 0.979051 0.203613
1762554221.274536 11.281759 0.302545 0.000000 0.000000 0.000000 0.979014 0.203795
1762554221.307561 11.332978 0.301009 0.000000 0.000000 0.000000 0.978976 0.203974
1762554221.340540 11.384150 0.299447 0.000000 0.000000 0.000000 0.978936 0.204169
1762554221.373561 11.435398 0.297827 0.000000 0.000000 0.000000 0.978895 0.204362
1762554221.406560 11.486617 0.296134 0.000000 0.000000 0.000000 0.978850 0.204581
1762554221.439563 11.537844 0.294373 0.000000 0.000000 0.000000 0.978802 0.204808
1762554221.472563 11.589063 0.292551 0.000000 0.000000 0.000000 0.978757 0.205026
1762554221.505540 11.640240 0.290671 0.000000 0.000000 0.000000 0.978711 0.205244
1762554221.538562 11.691476 0.288735 0.000000 0.000000 0.000000 0.978668 0.205450
1762554221.571840 11.743093 0.286737 0.000000 0.000000 0.000000 0.978622 0.205668
1762554221.604565 11.793837 0.284707 0.000000 0.000000 0.000000 0.978571 0.205909
1762554221.637562 11.844982 0.282623 0.000000 0.000000 0.000000 0.978522 0.206142
1762554221.670558 11.896103 0.280497 0.000000 0.000000 0.000000 0.978474 0.206369
1762554221.703574 11.947229 0.278334 0.000000 0.000000 0.000000 0.978433 0.206563
1762554221.736567 11.998290 0.276137 0.000000 0.000000 0.000000 0.978394 0.206750
1762554221.769549 12.049302 0.273907 0.000000 0.000000 0.000000 0.978354 0.206936
1762554221.802567 12.100338 0.271644 0.000000 0.000000 0.000000 0.978314 0.207128
1762554221.835548 12.151282 0.269353 0.000000 0.000000 0.000000 0.978272 0.207326
1762554221.868559 12.202234 0.267036 0.000000 0.000000 0.000000 0.978233 0.207509
1762554221.901920 12.253700 0.264677 0.000000 0.000000 0.000000 0.978195 0.207688
1762554221.934590 12.304034 0.262330 0.000000 0.000000 0.000000 0.978158 0.207865
1762554221.967587 12.354845 0.259947 0.000000 0.000000 0.000000 0.978123 0.208028
1762554222.000709 12.405810 0.257540 0.000000 0.000000 0.000000 0.978090 0.208183
1762554222.033560 12.456302 0.255132 0.000000 0.000000 0.000000 0.978059 0.208329
1762554222.066576 12.507012 0.252700 0.000000 0.000000 0.000000 0.978029 0.208467
1762554222.099997 12.558317 0.250232 0.000000 0.000000 0.000000 0.978002 0.208597
1762554222.132736 12.608492 0.247792 0.000000 0.000000 0.000000 0.977976 0.208719
1762554222.165555 12.658746 0.245338 0.000000 0.000000 0.000000 0.977951 0.208832
1762554222.198558 12.709248 0.242865 0.000000 0.000000 0.000000 0.977929 0.208938
1762554222.231819 12.760112 0.240369 0.000000 0.000000 0.000000 0.977908 0.209036
1762554222.264843 12.810408 0.237800 0.000000 0.000000 0.000000 0.977886 0.209140
1762554222.298039 12.860589 0.235017 0.000000 0.000000 0.000000 0.977859 0.209267
1762554222.330630 12.909434 0.232081 0.000000 0.000000 0.000000 0.977828 0.209411
1762554222.363741 12.958748 0.228927 0.000000 0.000000 0.000000 0.977793 0.209571
1762554222.396667 13.007416 0.225611 0.000000 0.000000 0.000000 0.977757 0.209743
1762554222.429827 13.056120 0.222111 0.000000 0.000000 0.000000 0.977718 0.209924
1762554222.462889 13.104341 0.218458 0.000000 0.000000 0.000000 0.977678 0.210111
1762554222.495593 13.151683 0.214684 0.000000 0.000000 0.000000 0.977636 0.210302
1762554222.528546 13.199122 0.210748 0.000000 0.000000 0.000000 0.977595 0.210496
1762554222.561551 13.246355 0.206672 0.000000 0.000000 0.000000 0.977553 0.210691
1762554222.594550 13.293299 0.202467 0.000000 0.000000 0.000000 0.977511 0.210886
1762554222.627539 13.339958 0.198140 0.000000 0.000000 0.000000 0.977469 0.211080
1762554222.660544 13.386386 0.193695 0.000000 0.000000 0.000000 0.977427 0.211273
1762554222.693540 13.432552 0.189140 0.000000 0.000000 0.000000 0.977386 0.211464
1762554222.726575 13.478542 0.184476 0.000000 0.000000 0.000000 0.977345 0.211653
1762554222.759627 13.524328 0.179711 0.000000 0.000000 0.000000 0.977304 0.211841
1762554222.792850 13.570162 0.174833 0.000000 0.000000 0.000000 0.977264 0.212028
1762554222.825833 13.615408 0.169889 0.000000 0.000000 0.000000 0.977223 0.212213
1762554222.891587 13.704987 0.159777 0.000000 0.000000 0.000000 0.977143 0.212585
1762554222.924557 13.749650 0.154598 0.000000 0.000000 0.000000 0.977102 0.212773
1762554222.957563 13.794195 0.149345 0.000000 0.000000 0.000000 0.977060 0.212963
1762554222.990561 13.838562 0.144027 0.000000 0.000000 0.000000 0.977018 0.213157
1762554223.023591 13.882820 0.138644 0.000000 0.000000 0.000000 0.976975 0.213356
1762554223.056556 13.926829 0.133210 0.000000 0.000000 0.000000 0.976930 0.213560
1762554223.089541 13.970727 0.127722 0.000000 0.000000 0.000000 0.976884 0.213771
1762554223.122559 14.014540 0.122181 0.000000 0.000000 0.000000 0.976836 0.213990
1762554223.155543 14.058135 0.116571 0.000000 0.000000 0.000000 0.976786 0.214219
