# timestamp tx ty tz qx qy qz qw
1759519055.864969 0.000000 0.000000 0.000000 0.021569 0.007936 -0.000171 0.999736
1759519062.471408 1.016952 0.092310 0.013500 0.023438 0.004488 0.009255 0.999672
1759519063.672472 2.014935 0.163311 -0.013260 0.021807 0.004435 0.009753 0.999705
1759519064.773539 3.081382 0.178048 -0.042694 0.021309 0.004473 0.003087 0.999758
1759519065.774490 4.127992 0.214981 -0.027205 0.020110 0.003379 0.000217 0.999792
1759519066.775441 5.179887 0.249507 -0.055219 0.023774 0.002920 0.002173 0.999711
1759519067.976599 6.340625 0.290624 -0.068106 0.022578 0.001072 0.000130 0.999745
1759519069.478047 8.037215 0.318208 -0.093379 0.022925 0.001790 -0.005410 0.999721
1759519070.278827 9.094072 0.322472 -0.063625 0.021830 0.003692 -0.009705 0.999708
1759519071.079123 10.221065 0.321993 -0.140554 0.023118 0.002001 -0.016319 0.999598
1759519071.880502 11.416092 0.288987 -0.113860 0.020495 0.004521 -0.023216 0.999510
1759519072.781241 12.756602 0.232778 -0.134939 0.019935 0.005129 -0.032024 0.999275
1759519073.682141 13.959321 0.099695 -0.165548 0.020734 0.004230 -0.049499 0.998550
1759519074.582942 14.998025 -0.142900 -0.184839 0.018026 0.002881 -0.084290 0.996274
1759519075.583751 15.963398 -0.570828 -0.210455 0.022821 0.008346 -0.135618 0.990463
1759519076.884780 16.877615 -1.288732 -0.263859 0.020901 0.009935 -0.221642 0.974853
1759519078.085762 17.541540 -2.220618 -0.316852 0.017014 0.008897 -0.328789 0.944208
1759519078.886411 17.913265 -3.119131 -0.350564 0.013741 0.014697 -0.426482 0.904272
1759519079.887199 18.062998 -4.359245 -0.434037 0.013256 0.019723 -0.545477 0.837789
1759519080.787899 18.073351 -5.512026 -0.483596 0.008199 0.024179 -0.623908 0.781081
1759519082.088925 18.035872 -7.345402 -0.566063 0.009727 0.026657 -0.684746 0.728229
1759519082.889654 18.064335 -8.521668 -0.664175 0.011329 0.026892 -0.695502 0.717932
1759519083.591332 18.096117 -9.590784 -0.706666 0.008741 0.025630 -0.701487 0.712168
1759519084.290777 18.140314 -10.704713 -0.758643 0.008745 0.027157 -0.703063 0.710556
1759519085.091337 18.219927 -12.012096 -0.836084 0.006815 0.029009 -0.703008 0.710558
1759519085.791824 18.255682 -13.194074 -0.892655 0.008776 0.026844 -0.704857 0.708787
1759519086.392250 18.296917 -14.225741 -0.935900 0.007192 0.026060 -0.706940 0.706756
1759519086.992687 18.315651 -15.249755 -1.023619 0.007579 0.028342 -0.708879 0.704719
1759519087.693160 18.353670 -16.511988 -1.071737 0.005554 0.026548 -0.710844 0.702826
1759519088.293473 18.380560 -17.592617 -1.111980 0.006657 0.027778 -0.710773 0.702842
1759519088.993994 18.423479 -18.867706 -1.180578 0.003809 0.027709 -0.711342 0.702289
1759519089.694443 18.465235 -20.116575 -1.249439 0.004081 0.028863 -0.711490 0.702092
1759519090.294781 18.486771 -21.208651 -1.315570 0.004401 0.029106 -0.711513 0.702056
1759519090.995251 18.503071 -22.429302 -1.384981 0.006415 0.026855 -0.712042 0.701594
1759519092.296137 18.599995 -24.720823 -1.475563 0.010670 0.022908 -0.704800 0.708955
1759519093.296753 18.709791 -26.444525 -1.583294 0.009164 0.019249 -0.700937 0.712905
1759519094.497048 18.808582 -28.487652 -1.689114 0.011732 0.023055 -0.701663 0.712040
1759519095.097937 18.851919 -29.503046 -1.735876 0.011640 0.021387 -0.702769 0.711001
1759519096.298287 18.978922 -31.499731 -1.826695 0.008133 0.020498 -0.701527 0.712301
1759519096.999184 19.041407 -32.641640 -1.883294 0.007495 0.021566 -0.700767 0.713025
1759519097.799733 19.093613 -33.906384 -1.934433 0.009547 0.017712 -0.702051 0.711842
1759519098.500156 19.119141 -35.001205 -1.973282 0.011457 0.015968 -0.703434 0.710489
1759519099.300712 19.156717 -36.210720 -2.042187 0.015130 0.013774 -0.704823 0.709088
1759519100.100760 19.191820 -37.395054 -2.065624 0.014546 0.013373 -0.706231 0.707706
1759519100.901762 19.224447 -38.541023 -2.136384 0.014813 0.013216 -0.707854 0.706080
1759519101.802334 19.261736 -39.879547 -2.184556 0.012919 0.013137 -0.709536 0.704428
1759519102.702396 19.319994 -41.428902 -2.258966 0.011728 0.015877 -0.709589 0.704339
1759519103.303344 19.363661 -42.535095 -2.311580 0.015963 0.021274 -0.709073 0.704633
1759519104.003794 19.443371 -43.775291 -2.385276 0.012638 0.018261 -0.704053 0.709800
1759519104.604262 19.504354 -44.830173 -2.435511 0.011778 0.015094 -0.701590 0.712324
1759519105.204560 19.580061 -45.857300 -2.468233 0.008416 0.018307 -0.701387 0.712496
1759519106.105140 19.649025 -47.333237 -2.537047 0.006385 0.015740 -0.703021 0.710966
1759519107.305949 19.727819 -49.288746 -2.590326 0.005033 0.013350 -0.704057 0.710000
1759519108.206540 19.777946 -50.673256 -2.664298 0.011748 0.012289 -0.703835 0.710160
1759519109.207385 19.857307 -52.222252 -2.774760 0.014220 0.012360 -0.703231 0.710712
1759519110.007731 19.902599 -53.487675 -2.819823 0.015486 0.010746 -0.702472 0.711462
1759519111.008379 20.009184 -55.026859 -2.891139 0.013263 0.017576 -0.702225 0.711615
1759519111.608756 20.069633 -56.064316 -3.003897 0.019743 0.031328 -0.702441 0.710778
1759519112.809720 20.224258 -58.294018 -3.197968 0.015095 0.036617 -0.702737 0.710346
1759519113.409941 20.299591 -59.488571 -3.205788 0.000129 0.025246 -0.701618 0.712106
1759519114.010330 20.361975 -60.620823 -3.225523 0.001519 0.018117 -0.698760 0.715126
1759519115.011029 20.574097 -62.294765 -3.289418 0.002628 0.018701 -0.687317 0.726112
1759519115.911591 20.825500 -63.418514 -3.347768 0.001652 0.016068 -0.667234 0.744673
1759519116.912270 21.234026 -64.461800 -3.367569 0.005878 0.016324 -0.632300 0.774529
1759519117.712800 21.795002 -65.439484 -3.433949 0.010021 0.015727 -0.585099 0.810747
1759519118.513300 22.528135 -66.408699 -3.446559 0.009170 0.013964 -0.534174 0.845209
1759519119.414175 23.419548 -67.343491 -3.490861 0.010240 0.010203 -0.477089 0.878736
1759519120.314465 24.439075 -68.203812 -3.544958 0.008379 0.010808 -0.426152 0.904548
1759519121.114989 25.359804 -68.868576 -3.593176 0.007800 0.015423 -0.386941 0.921942
1759519122.315776 26.599573 -69.729645 -3.640676 0.005973 0.014666 -0.352322 0.935745
1759519123.216374 27.391518 -70.381531 -3.680107 0.007477 0.011142 -0.348195 0.937326
1759519124.517251 28.589724 -71.567070 -3.682589 0.011051 0.001263 -0.372635 0.927911
1759519125.317747 29.298288 -72.446243 -3.694693 0.009729 -0.004824 -0.402417 0.915392
1759519126.118427 29.913984 -73.410637 -3.693203 0.011036 -0.005872 -0.445992 0.894950
1759519126.839421 30.326950 -74.359200 -3.724566 0.012355 -0.006143 -0.491748 0.870628
1759519127.619270 30.663717 -75.541901 -3.745602 0.015128 -0.000145 -0.548785 0.835826
1759519128.820073 30.868176 -77.473259 -3.853357 0.024866 0.007330 -0.626369 0.779095
1759519129.520513 30.911594 -78.506752 -3.920303 0.024538 0.008180 -0.655951 0.754360
1759519130.421116 30.935022 -79.731155 -3.913730 0.016110 0.000408 -0.680787 0.732304
1759519131.321712 30.973736 -80.941986 -3.952587 0.018162 -0.000615 -0.690574 0.723034
1759519132.021789 31.032661 -81.953659 -3.996961 0.019510 0.001620 -0.692769 0.720894
1759519132.822704 31.101583 -83.240761 -4.054582 0.021556 0.004272 -0.695714 0.717982
1759519133.722796 31.154963 -84.708282 -4.104520 0.017944 0.001646 -0.701666 0.712278
1759519134.523790 31.200813 -86.048462 -4.154193 0.019854 0.005884 -0.706874 0.707036
1759519135.324338 31.237173 -87.359619 -4.202174 0.017783 0.005746 -0.708464 0.705499
1759519136.024777 31.251392 -88.478569 -4.253512 0.019410 0.005609 -0.709784 0.704130
1759519136.725231 31.266617 -89.586182 -4.283915 0.018773 0.006034 -0.711635 0.702272
1759519137.525516 31.298647 -90.822670 -4.344006 0.018930 0.005625 -0.711694 0.702212
1759519138.326281 31.339186 -92.151497 -4.377059 0.019421 0.007106 -0.709903 0.703996
1759519138.926674 31.380219 -93.157997 -4.426062 0.019549 0.006937 -0.709527 0.704373
1759519140.227535 31.424654 -95.280708 -4.498029 0.019934 0.005069 -0.709514 0.704392
1759519140.927552 31.465212 -96.454315 -4.543565 0.019842 0.005241 -0.709776 0.704128
1759519141.928697 31.524988 -98.136658 -4.619874 0.020854 0.005084 -0.706966 0.706921
1759519142.529855 31.554056 -99.157692 -4.656960 0.020635 0.003534 -0.707436 0.706467
1759519143.429811 31.598795 -100.749992 -4.703373 0.021074 0.003105 -0.709121 0.704765
1759519144.130097 31.631781 -101.990799 -4.757242 0.019517 0.003259 -0.710632 0.703286
1759519145.130749 31.670860 -103.730896 -4.819031 0.022310 0.006461 -0.711752 0.702047
1759519145.931265 31.720760 -105.045296 -4.888369 0.019575 0.003557 -0.707890 0.706042
1759519146.631734 31.778578 -106.196716 -4.901912 0.021096 0.005614 -0.705451 0.708422
1759519147.432280 31.837830 -107.493881 -4.972183 0.017411 0.003744 -0.705589 0.708397
1759519148.132259 31.884537 -108.591331 -4.995610 0.016386 0.004126 -0.704988 0.709018
1759519148.833256 31.943815 -109.779037 -5.038330 0.019369 0.006983 -0.704468 0.709437
1759519149.733783 32.012367 -111.335152 -5.113576 0.017881 0.003308 -0.702833 0.711122
1759519150.333699 32.053753 -112.414665 -5.151891 0.019609 0.006060 -0.704585 0.709323
1759519151.134707 32.106510 -113.800644 -5.206798 0.019284 0.007636 -0.705231 0.708675
1759519151.835146 32.134399 -114.948029 -5.232794 0.020195 0.008479 -0.706565 0.707309
1759519152.535617 32.171768 -116.038704 -5.270551 0.018970 0.009057 -0.707494 0.706406
1759519153.336164 32.213844 -117.296509 -5.366424 0.019466 0.008988 -0.707916 0.705971
1759519154.137840 32.240360 -118.544952 -5.394125 0.018300 0.005038 -0.708987 0.704966
1759519155.037262 32.285736 -119.937782 -5.449852 0.017038 0.004653 -0.709637 0.704346
1759519155.837790 32.316036 -121.244293 -5.472497 0.016750 0.005807 -0.710921 0.703049
1759519156.638330 32.347958 -122.498642 -5.525110 0.018832 0.007794 -0.711567 0.702323
1759519157.438835 32.358994 -123.740028 -5.595864 0.018895 0.006251 -0.712075 0.701821
1759519158.239381 32.377552 -125.071167 -5.639856 0.017889 0.004874 -0.713573 0.700335
1759519159.940482 32.424301 -128.081299 -5.748366 0.017162 0.002818 -0.713787 0.700147
1759519160.540886 32.438187 -129.100632 -5.784880 0.014889 0.005066 -0.714566 0.699391
1759519161.141254 32.454468 -130.140411 -5.814263 0.015584 0.007796 -0.714877 0.699034
1759519161.841738 32.467930 -131.400803 -5.859336 0.016868 0.010376 -0.716576 0.697228
1759519162.442114 32.479496 -132.479187 -5.920469 0.014592 0.011001 -0.717646 0.696168
1759519163.543987 32.450619 -134.337341 -5.993621 0.013277 0.012654 -0.722917 0.690692
1759519164.543502 32.344635 -135.913376 -6.043755 0.010115 0.012578 -0.734040 0.678914
1759519165.444090 32.202019 -137.323456 -6.072770 0.013232 0.013591 -0.744523 0.667327
1759519166.247253 32.104183 -138.452362 -6.134167 0.011180 0.015189 -0.748165 0.663245
1759519167.045142 31.989931 -139.588043 -6.186683 0.011908 0.017438 -0.751061 0.659895
1759519167.845785 31.908344 -140.666504 -6.233414 0.009466 0.017431 -0.750403 0.660683
1759519168.546105 31.845482 -141.702423 -6.276926 0.009145 0.018053 -0.747364 0.664107
1759519169.246621 31.778955 -142.727982 -6.309553 0.006435 0.017475 -0.745899 0.665799
1759519170.047669 31.699898 -143.971695 -6.339724 0.002860 0.015101 -0.743670 0.668370
1759519170.847628 31.647718 -145.331360 -6.421030 0.007941 0.020415 -0.737319 0.675190
1759519171.648157 31.628096 -146.613678 -6.494776 0.010482 0.024736 -0.732911 0.679794
1759519172.448754 31.618694 -147.837021 -6.559211 0.010722 0.027502 -0.728909 0.683974
1759519173.148612 31.633402 -148.887772 -6.635268 0.011204 0.029319 -0.723983 0.689103
1759519173.849612 31.689333 -149.890640 -6.654680 0.007251 0.025146 -0.715195 0.698435
1759519175.250505 32.049751 -151.690399 -6.734149 0.000711 0.019787 -0.677774 0.735003
1759519176.151121 32.367943 -152.658951 -6.748910 0.002309 0.019260 -0.648809 0.760704
1759519177.251811 32.924194 -153.777863 -6.810358 0.003162 0.016798 -0.601961 0.798343
1759519178.152688 33.690868 -154.917969 -6.843618 0.004641 0.013054 -0.547593 0.836630
1759519178.952945 34.512760 -155.893173 -6.868503 0.001824 0.014121 -0.502934 0.864207
1759519179.853534 35.369915 -156.800980 -6.900481 0.000123 0.013146 -0.465492 0.884954
1759519180.754112 36.227840 -157.636581 -6.938210 0.001295 0.016041 -0.435372 0.900107
1759519181.554141 37.098343 -158.432709 -6.992707 -0.001032 0.014323 -0.413568 0.910360
1759519182.555304 38.341751 -159.555420 -7.044814 -0.001736 0.020931 -0.396343 0.917862
1759519183.155693 39.078693 -160.235321 -7.142494 -0.000002 0.021748 -0.389379 0.920821
1759519183.956316 40.052940 -161.114838 -7.181440 0.001568 0.023822 -0.384798 0.922692
1759519185.057184 41.414471 -162.400131 -7.248537 0.005809 0.021464 -0.383864 0.923122
1759519186.158275 42.882771 -163.769287 -7.395243 0.010515 0.021233 -0.380968 0.924285
1759519186.958739 44.043079 -164.736481 -7.450892 0.011616 0.026682 -0.371561 0.927952
1759519187.559192 44.892937 -165.449387 -7.520967 0.015848 0.024389 -0.363389 0.931184
1759519188.159803 45.815548 -166.156494 -7.618253 0.013615 0.027885 -0.355699 0.934085
1759519188.860323 46.911884 -166.981339 -7.695520 0.016468 0.028893 -0.345831 0.937707
1759519189.560977 48.089657 -167.815506 -7.784766 0.018235 0.028275 -0.330796 0.943102
1759519190.561948 50.020508 -168.936218 -7.958674 0.017490 0.032638 -0.294555 0.954917
1759519191.362650 51.756966 -169.715881 -8.075337 0.015405 0.028602 -0.254215 0.966602
1759519191.963233 53.078991 -170.155472 -8.094378 0.012650 0.005145 -0.212959 0.976966
1759519192.563823 54.438751 -170.473587 -8.054139 0.017627 0.002119 -0.172682 0.984818
1759519193.364580 56.171566 -170.706512 -8.091154 0.018027 0.008674 -0.122183 0.992306
1759519194.364897 58.168705 -170.845078 -8.129236 0.017060 0.012549 -0.082279 0.996384
1759519195.466281 60.191658 -170.892868 -8.198471 0.014963 0.010695 -0.052497 0.998452
1759519196.367004 61.756813 -170.915955 -8.231215 0.018022 0.009380 -0.038568 0.999049
1759519197.067606 62.968628 -170.907394 -8.264030 0.018120 0.009754 -0.028165 0.999391
1759519197.672142 64.028564 -170.872330 -8.278708 0.017136 0.006202 -0.018872 0.999656
1759519198.268571 65.085991 -170.847412 -8.282647 0.017933 0.004492 -0.011970 0.999757
1759519198.869025 66.139069 -170.788010 -8.298263 0.015986 0.005370 -0.005401 0.999843
1759519199.769725 67.716911 -170.686600 -8.299326 0.016172 0.004307 0.004329 0.999851
1759519200.570349 69.095970 -170.622681 -8.330685 0.016670 0.004972 0.004882 0.999837
1759519201.170911 70.148766 -170.581100 -8.347013 0.015277 0.003951 0.003117 0.999871
1759519202.171642 71.861839 -170.527267 -8.367139 0.012556 0.003366 -0.001111 0.999915
1759519202.772115 72.903381 -170.495224 -8.345914 0.012517 0.004840 -0.003809 0.999903
1759519203.472775 74.111618 -170.469299 -8.389971 0.012562 0.008745 -0.006443 0.999862
1759519204.172750 75.353424 -170.427307 -8.444243 0.012178 0.013363 -0.003204 0.999831
1759519205.073673 77.027794 -170.293854 -8.489396 0.009111 0.009406 0.005336 0.999900
1759519206.175228 79.131859 -170.169571 -8.502176 0.009648 0.011314 0.009739 0.999842
1759519206.775473 80.258301 -170.110474 -8.558879 0.010202 0.010929 0.009504 0.999843
1759519207.375794 81.382851 -170.034576 -8.575300 0.008982 0.009324 0.009147 0.999874
1759519207.976237 82.508530 -169.979935 -8.608891 0.010619 0.010914 0.009111 0.999843
1759519208.676834 83.782570 -169.920975 -8.632773 0.013704 0.012196 0.008000 0.999800
1759519209.477441 85.301743 -169.846542 -8.668743 0.012248 0.012523 0.006194 0.999827
1759519210.178022 86.590645 -169.792023 -8.702086 0.012002 0.011967 0.005120 0.999843
1759519210.878617 87.873802 -169.744370 -8.730602 0.013642 0.009480 0.003316 0.999857
1759519211.479541 88.938972 -169.719574 -8.767311 0.014404 0.005008 0.002941 0.999879
1759519212.680250 90.989754 -169.634476 -8.779466 0.015239 0.008881 0.002795 0.999841
1759519213.480666 92.299454 -169.569305 -8.835541 0.014713 0.011076 0.003737 0.999823
1759519214.581600 93.982056 -169.507797 -8.824501 0.018712 0.000217 0.004666 0.999814
1759519215.282075 95.074409 -169.461105 -8.804189 0.018004 0.002285 0.003435 0.999829
1759519216.082256 96.377846 -169.419876 -8.836633 0.018512 0.006751 -0.000392 0.999806
1759519216.683176 97.399269 -169.396011 -8.877679 0.018977 0.005171 -0.001767 0.999805
1759519217.284847 98.455429 -169.379547 -8.872519 0.020534 0.011478 -0.005803 0.999706
1759519217.983704 99.715248 -169.361420 -8.912643 0.019221 0.010574 -0.008942 0.999719
1759519218.784843 101.113762 -169.364609 -8.959161 0.022752 0.012066 -0.011624 0.999601
1759519219.785705 102.792671 -169.347809 -8.984329 0.019223 0.009667 -0.014272 0.999667
1759519220.786458 104.405197 -169.341095 -9.028370 0.016592 0.013252 -0.017082 0.999629
1759519221.987596 106.282936 -169.331100 -9.080887 0.013453 0.010374 -0.019422 0.999667
1759519222.787721 107.519501 -169.326538 -9.086039 0.009546 0.011512 -0.020152 0.999685
1759519223.588681 108.782333 -169.357483 -9.123410 0.010956 0.004598 -0.023507 0.999653
1759519224.289243 109.961655 -169.351837 -9.141584 0.005479 0.005739 -0.027127 0.999600
1759519224.989914 111.122978 -169.410782 -9.169115 0.008562 0.011700 -0.030298 0.999436
1759519225.790477 112.413681 -169.463638 -9.205400 0.009830 0.011511 -0.033466 0.999325
1759519226.491002 113.531311 -169.499542 -9.204092 0.010192 0.008382 -0.034683 0.999311
1759519227.191616 114.651955 -169.487717 -9.233504 0.013022 0.011005 -0.026156 0.999512
1759519228.093018 116.025063 -169.413681 -9.261029 0.012813 0.007949 -0.009732 0.999839
1759519228.893303 117.282356 -169.332657 -9.279712 0.010266 0.010488 -0.000526 0.999892
1759519229.793614 118.651642 -169.227493 -9.304105 0.009404 0.008801 0.006982 0.999893
1759519230.594246 119.940170 -169.146973 -9.301942 0.009915 0.007880 0.010146 0.999868
1759519231.194722 120.957184 -169.095078 -9.339767 0.009391 0.009717 0.007711 0.999879
1759519231.795217 121.982094 -169.088821 -9.330862 0.010825 0.006968 0.002249 0.999915
1759519232.495794 123.183601 -169.054031 -9.364861 0.009203 0.007067 -0.004680 0.999922
1759519233.296401 124.549980 -169.057114 -9.408170 0.012358 0.008788 -0.008653 0.999848
1759519234.597511 126.703850 -169.029099 -9.405757 0.015504 0.011483 -0.010028 0.999764
1759519235.398102 127.924797 -169.023666 -9.463738 0.016870 0.009811 -0.011541 0.999743
1759519236.298818 129.266968 -169.010925 -9.478645 0.016257 0.009967 -0.012025 0.999746
1759519237.601416 131.238968 -169.017654 -9.514693 0.018617 0.009590 -0.015756 0.999657
1759519238.400468 132.459183 -169.028671 -9.549368 0.018159 0.007157 -0.018011 0.999647
1759519239.300826 133.828003 -169.033020 -9.569697 0.019713 0.009336 -0.019407 0.999574
1759519240.002034 134.836563 -169.057922 -9.594927 0.018933 0.008813 -0.021624 0.999548
1759519240.902534 136.079239 -169.103210 -9.619526 0.021724 0.009579 -0.027350 0.999344
1759519241.603017 137.120361 -169.151337 -9.628459 0.020259 0.009120 -0.034435 0.999160
1759519242.303572 138.143555 -169.290695 -9.658469 0.022396 0.011281 -0.052822 0.998289
1759519243.104222 139.218323 -169.604950 -9.686839 0.018763 0.007408 -0.097488 0.995032
1759519243.904866 140.105713 -170.194214 -9.654711 0.017411 -0.007287 -0.172055 0.984907
1759519245.205883 141.348053 -171.480194 -9.724741 0.022635 -0.000556 -0.309009 0.950789
1759519246.106600 141.951019 -172.616394 -9.782877 0.023877 0.008368 -0.411513 0.911053
1759519246.907239 142.340637 -173.727127 -9.877528 0.013216 0.016459 -0.501888 0.864675
1759519247.607793 142.564728 -174.743744 -9.883279 0.013277 0.010183 -0.558993 0.829004
1759519248.308346 142.752182 -175.755737 -9.919962 0.007141 0.015443 -0.602466 0.797963
1759519249.108500 142.894684 -176.903152 -9.946793 0.005908 0.016149 -0.637945 0.769890
1759519250.209916 142.971680 -178.631271 -10.018593 0.005796 0.020338 -0.678066 0.734697
1759519250.810344 142.975021 -179.645752 -10.079937 0.007046 0.022644 -0.695376 0.718254
1759519251.510901 142.945007 -180.796844 -10.130086 0.011175 0.021972 -0.706021 0.707761
1759519252.311545 142.966156 -182.106964 -10.175843 0.006438 0.020386 -0.710913 0.702955
1759519253.012092 142.988846 -183.370544 -10.221541 0.005656 0.021386 -0.713564 0.700241
1759519253.812746 143.016327 -184.899078 -10.303527 0.004291 0.024169 -0.714581 0.699122
1759519254.413213 143.028793 -186.052551 -10.354929 0.006148 0.023455 -0.714233 0.699488
1759519255.013708 143.052460 -187.187302 -10.376256 0.006239 0.022864 -0.714584 0.699148
1759519256.214651 143.065613 -189.365555 -10.485271 0.009011 0.022273 -0.714961 0.698751
1759519256.815127 143.074951 -190.433136 -10.533732 0.006256 0.018128 -0.715166 0.698692
1759519257.415615 143.100800 -191.516876 -10.570206 0.006153 0.018517 -0.715219 0.698628
1759519258.116209 143.115646 -192.737396 -10.623196 0.008961 0.021853 -0.715125 0.698597
1759519259.016865 143.133682 -194.186050 -10.705385 0.007162 0.020947 -0.716498 0.697238
1759519259.718928 143.132996 -195.263443 -10.748821 0.004202 0.019882 -0.717556 0.696204
1759519260.818343 143.168182 -197.052887 -10.807303 0.005519 0.023063 -0.716349 0.697339
1759519261.418773 143.187225 -198.098465 -10.878494 0.006675 0.024112 -0.714495 0.699193
1759519262.019314 143.252975 -199.208649 -10.927889 0.007112 0.026596 -0.710122 0.703540
1759519262.720011 143.334106 -200.546219 -11.006907 0.008123 0.026663 -0.705130 0.708530
1759519263.419924 143.414902 -201.853699 -11.053443 0.009698 0.025733 -0.701529 0.712110
1759519264.120950 143.511414 -203.126083 -11.146109 0.008792 0.024678 -0.697909 0.715707
1759519265.221822 143.683411 -205.022614 -11.177934 0.002542 0.019257 -0.692845 0.720825
1759519266.022475 143.815323 -206.285706 -11.224426 0.003138 0.017282 -0.686883 0.726556
1759519266.823090 144.030807 -207.435349 -11.275435 0.005566 0.016341 -0.671970 0.740377
1759519267.623764 144.350723 -208.434402 -11.308316 0.007392 0.015956 -0.647255 0.762071
1759519268.524441 144.876526 -209.520401 -11.399505 0.010628 0.015951 -0.603798 0.796907
1759519269.325413 145.665421 -210.590042 -11.438881 0.014605 0.019680 -0.544648 0.838306
1759519270.025637 146.599701 -211.442642 -11.488615 0.012142 0.013691 -0.475670 0.879434
1759519270.626119 147.475510 -212.047760 -11.524469 0.012621 0.015268 -0.415838 0.909223
1759519271.526819 148.796356 -212.628220 -11.519991 0.014892 0.005164 -0.317534 0.948116
1759519272.227393 149.778763 -212.883041 -11.505451 0.015424 0.001708 -0.250792 0.967917
1759519272.927967 150.805634 -212.993439 -11.539813 0.014740 0.002961 -0.185778 0.982477
1759519273.728721 151.988251 -212.971909 -11.550524 0.014291 0.001180 -0.110032 0.993825
1759519274.729377 153.221603 -212.853210 -11.551949 0.013513 -0.003160 -0.048734 0.998715
1759519275.629577 154.362869 -212.710464 -11.522065 0.011448 -0.005850 -0.012621 0.999838
1759519276.430757 155.542084 -212.600327 -11.523762 0.011183 -0.003811 0.002066 0.999928
1759519277.231369 156.822449 -212.539719 -11.520958 0.007988 0.000539 -0.001831 0.999966
1759519278.032174 158.088928 -212.606430 -11.559271 0.006029 0.001293 -0.022343 0.999731
1759519278.632492 159.137177 -212.725067 -11.540654 0.006342 0.002902 -0.045928 0.998920
1759519279.633304 160.931061 -213.039902 -11.600718 0.004402 0.002639 -0.078920 0.996868
1759519280.333838 162.235443 -213.303864 -11.593975 0.007800 0.005375 -0.096041 0.995332
1759519280.933887 163.317291 -213.533417 -11.622291 0.005522 0.002368 -0.107211 0.994218
1759519282.034688 165.337814 -213.963974 -11.670209 0.009044 0.006352 -0.115334 0.993265
1759519282.835875 166.770065 -214.224030 -11.646145 0.011173 -0.001719 -0.108359 0.994048
1759519283.936244 168.890976 -214.467712 -11.649897 0.015671 -0.001589 -0.083914 0.996348
1759519284.538097 170.102829 -214.539825 -11.649372 0.016535 -0.002375 -0.067255 0.997596
1759519285.337823 171.703491 -214.550308 -11.645086 0.017854 -0.004529 -0.042727 0.998917
1759519286.338643 173.754745 -214.528366 -11.612029 0.014632 -0.002368 -0.025095 0.999575
1759519286.939109 175.074829 -214.530167 -11.674203 0.017887 -0.002692 -0.020691 0.999622
1759519287.439493 176.244949 -214.480209 -11.606091 0.013482 0.003575 -0.013693 0.999809
1759519288.039993 177.556381 -214.439514 -11.648489 0.014355 0.000915 -0.007852 0.999866
1759519288.640465 178.840179 -214.385818 -11.664921 0.014844 -0.004560 -0.003259 0.999874
1759519289.240923 180.146347 -214.322281 -11.631876 0.015245 -0.001144 0.001100 0.999883
1759519289.841412 181.581085 -214.235718 -11.579476 0.013639 0.005505 0.004742 0.999881
1759519290.441461 182.909042 -214.171997 -11.654354 0.015344 -0.002064 0.007505 0.999852
1759519291.342598 185.042374 -214.082474 -11.645093 0.012200 -0.002685 0.002412 0.999919
1759519291.843004 186.222244 -214.047165 -11.628892 0.011832 -0.002115 -0.000736 0.999927
1759519292.443505 187.607513 -214.000824 -11.654036 0.010376 -0.003792 -0.001856 0.999937
1759519292.943903 188.788681 -213.965744 -11.614347 0.012467 -0.000702 -0.003262 0.999917
1759519293.444271 189.904755 -213.932617 -11.684122 0.011211 -0.001769 -0.004335 0.999926
1759519294.044748 191.310898 -213.899231 -11.622342 0.010252 0.003148 -0.005913 0.999925
1759519294.645232 192.670502 -213.871857 -11.668674 0.011830 0.002763 -0.005845 0.999909
1759519295.245714 194.060715 -213.829285 -11.704102 0.009779 0.004288 -0.005775 0.999926
1759519296.146459 196.166092 -213.758057 -11.716392 0.011961 0.003360 -0.001343 0.999922
1759519296.746925 197.594208 -213.689453 -11.722898 0.011956 0.004457 0.002455 0.999916
1759519297.347391 198.994583 -213.608307 -11.734427 0.013025 0.007472 0.004445 0.999877
1759519297.947629 200.357819 -213.540955 -11.742739 0.012265 0.004677 0.005072 0.999901
1759519298.448306 201.475510 -213.487244 -11.776859 0.012278 0.002630 0.004546 0.999911
1759519299.248913 203.302017 -213.414566 -11.777500 0.012264 0.003868 0.002496 0.999914
1759519299.849462 204.626373 -213.359055 -11.784995 0.012486 0.004507 0.000950 0.999911
1759519300.450038 205.924377 -213.300858 -11.819984 0.011117 0.003138 0.003239 0.999928
1759519301.250290 207.695511 -213.208282 -11.820839 0.011997 0.000844 0.005796 0.999911
1759519301.751241 208.808334 -213.154480 -11.808206 0.014334 -0.000479 0.007689 0.999868
1759519302.451420 210.306061 -213.066025 -11.836622 0.015528 0.003421 0.012683 0.999793
1759519303.052531 211.505859 -212.931076 -11.838251 0.016648 0.003792 0.023183 0.999585
1759519303.953324 213.226135 -212.616196 -11.839570 0.019561 -0.000477 0.052069 0.998452
1759519305.154519 215.473709 -211.919830 -11.813512 0.022813 0.001665 0.111613 0.993489
1759519305.754993 216.422852 -211.443192 -11.802138 0.024702 -0.002255 0.152183 0.988041
1759519306.555674 217.434296 -210.675430 -11.786207 0.021085 -0.005101 0.217296 0.975865
1759519307.356324 218.253159 -209.766617 -11.719398 0.025260 -0.004752 0.296037 0.954831
1759519308.257051 218.934204 -208.463806 -11.640056 0.025655 -0.011948 0.401966 0.915217
1759519308.957360 219.256653 -207.325317 -11.633654 0.024227 -0.013170 0.483420 0.874954
1759519309.658197 219.414078 -206.135406 -11.589220 0.023996 -0.012738 0.557594 0.829669
1759519310.258683 219.471954 -205.106293 -11.522600 0.022983 -0.014360 0.605665 0.795258
1759519310.959376 219.500626 -203.881577 -11.465441 0.022079 -0.014365 0.644136 0.764457
1759519311.559762 219.460098 -202.809647 -11.421605 0.021808 -0.012930 0.672033 0.740087
1759519312.261225 219.384094 -201.672852 -11.377826 0.020386 -0.013735 0.692126 0.721358
1759519312.960450 219.323730 -200.668304 -11.332859 0.020017 -0.015302 0.700564 0.713145
1759519314.061287 219.242569 -199.001450 -11.240979 0.019619 -0.014012 0.706859 0.706944
1759519314.962533 219.177200 -197.866287 -11.223204 0.019465 -0.013600 0.711013 0.702778
1759519315.863318 219.110214 -196.762970 -11.173260 0.023338 -0.014663 0.714883 0.698701
1759519316.865939 219.011719 -195.559982 -11.118748 0.020757 -0.013518 0.717020 0.696613
1759519317.964989 218.952332 -194.356934 -11.052509 0.023478 -0.016937 0.712322 0.701256
1759519318.865778 218.977829 -193.250595 -10.972770 0.022680 -0.013787 0.702104 0.711580
1759519319.766643 219.008179 -192.117737 -10.901207 0.023974 -0.015072 0.695379 0.718085
1759519320.466549 219.034790 -190.962051 -10.878590 0.025732 -0.014209 0.694239 0.719144
1759519321.367796 218.987961 -189.284515 -10.824931 0.026625 -0.015611 0.699643 0.713826
1759519322.268528 218.916779 -187.493774 -10.747441 0.026698 -0.014829 0.705271 0.708280
1759519322.969089 218.849365 -186.051697 -10.622809 0.026849 -0.012757 0.708020 0.705566
1759519323.469484 218.813141 -185.013412 -10.581561 0.029016 -0.015462 0.707849 0.705599
1759519323.969892 218.772659 -183.949982 -10.515899 0.027137 -0.015487 0.707413 0.706109
1759519324.470310 218.737122 -182.903778 -10.458515 0.026008 -0.016290 0.706094 0.707453
1759519324.970711 218.702240 -181.886108 -10.436192 0.025520 -0.016810 0.705037 0.708512
1759519325.871460 218.667236 -180.207245 -10.319468 0.023062 -0.017456 0.702233 0.711359
1759519326.472116 218.641495 -179.190155 -10.253197 0.024538 -0.018370 0.702204 0.711315
1759519327.372676 218.580170 -177.745087 -10.186002 0.025782 -0.019803 0.705740 0.707724
1759519328.073251 218.506165 -176.554642 -10.113483 0.024143 -0.023518 0.708234 0.705173
1759519328.673783 218.456284 -175.487518 -10.063578 0.024516 -0.023264 0.709758 0.703634
1759519329.274311 218.366226 -174.387924 -10.008650 0.023007 -0.023460 0.713870 0.699507
1759519329.874828 218.297028 -173.233337 -9.961998 0.024181 -0.022133 0.715896 0.697437
1759519330.575316 218.190659 -171.829254 -9.883361 0.021196 -0.022108 0.717248 0.696145
1759519331.175885 218.110809 -170.633636 -9.817954 0.020195 -0.020350 0.717430 0.696040
1759519331.776284 218.025391 -169.434753 -9.740569 0.018709 -0.022101 0.716737 0.696742
1759519332.276253 217.960373 -168.429581 -9.730754 0.017414 -0.023202 0.716309 0.697180
1759519332.977292 217.877304 -167.036942 -9.643866 0.018369 -0.023121 0.715784 0.697697
1759519333.477678 217.814972 -166.036636 -9.606674 0.018011 -0.022906 0.715480 0.698025
1759519334.178256 217.741364 -164.656754 -9.551846 0.017954 -0.021109 0.715075 0.698499
1759519334.778763 217.678833 -163.473358 -9.483221 0.017321 -0.023463 0.712252 0.701317
1759519335.379245 217.664566 -162.301315 -9.412631 0.017547 -0.023075 0.707907 0.705710
1759519336.079828 217.643311 -160.936035 -9.354822 0.016884 -0.021891 0.702171 0.711471
1759519336.780370 217.638321 -159.582672 -9.276511 0.015769 -0.021079 0.696763 0.716818
1759519337.581043 217.641830 -158.132233 -9.208931 0.018425 -0.021259 0.695614 0.717864
1759519338.581846 217.609238 -156.270737 -9.089581 0.021062 -0.022631 0.698829 0.714620
1759519339.482589 217.573212 -154.500336 -9.003326 0.018846 -0.019375 0.700915 0.712733
1759519339.982993 217.545395 -153.500305 -8.951394 0.018382 -0.020927 0.701754 0.711875
1759519340.683583 217.490051 -152.106247 -8.909256 0.018067 -0.022565 0.703989 0.709622
1759519341.384168 217.431107 -150.691711 -8.810124 0.017865 -0.021125 0.705595 0.708075
1759519342.185449 217.380066 -149.079880 -8.746848 0.020004 -0.023145 0.706344 0.707207
1759519342.785427 217.337296 -147.859879 -8.669883 0.019011 -0.020727 0.707107 0.706547
1759519343.285735 217.283646 -146.852341 -8.621805 0.019012 -0.023774 0.708863 0.704689
1759519343.886592 217.226242 -145.625015 -8.555817 0.017910 -0.020098 0.709370 0.704322
1759519344.786926 217.157440 -143.816452 -8.460939 0.019206 -0.021401 0.708352 0.705274
1759519345.887824 217.080750 -141.590942 -8.358158 0.018521 -0.021651 0.705862 0.707777
1759519346.388236 217.060471 -140.583710 -8.304053 0.018037 -0.020592 0.705120 0.708559
1759519347.088830 217.028778 -139.198914 -8.233707 0.018515 -0.021182 0.703302 0.710334
1759519347.689316 217.010330 -138.006897 -8.196697 0.019274 -0.021184 0.701699 0.711898
1759519348.389877 217.002075 -136.620117 -8.111984 0.018355 -0.018637 0.699382 0.714269
1759519349.090438 216.995926 -135.275879 -8.055886 0.019674 -0.019192 0.697956 0.715613
1759519349.690476 216.992065 -134.131653 -7.969587 0.019847 -0.018730 0.697034 0.716518
1759519350.391513 216.992813 -132.832352 -7.947308 0.018939 -0.016362 0.696320 0.717295
1759519351.192243 216.990402 -131.345352 -7.851707 0.019459 -0.016418 0.695271 0.718297
1759519351.892737 216.986679 -130.027267 -7.818088 0.020203 -0.019076 0.694708 0.718755
1759519352.793486 216.977112 -128.315948 -7.724083 0.019080 -0.019269 0.694455 0.719025
1759519353.494056 216.955917 -126.924995 -7.668955 0.017960 -0.019663 0.696040 0.717509
1759519354.194662 216.929245 -125.564041 -7.628912 0.016228 -0.018601 0.698442 0.715241
1759519354.895217 216.897995 -124.360115 -7.560541 0.016017 -0.017554 0.700119 0.713630
1759519355.795971 216.859344 -123.072693 -7.499997 0.016904 -0.018100 0.702018 0.711729
1759519356.796750 216.813904 -121.785042 -7.463938 0.019231 -0.017352 0.704095 0.709633
1759519357.797579 216.758652 -120.319695 -7.381172 0.020814 -0.017219 0.706085 0.707612
1759519358.897973 216.681213 -118.495483 -7.296519 0.019247 -0.016428 0.707656 0.706104
1759519359.699115 216.641861 -117.239113 -7.257478 0.018224 -0.014235 0.706793 0.707042
1759519360.499811 216.610825 -116.063789 -7.179277 0.018780 -0.016892 0.706118 0.707644
1759519361.300431 216.570465 -114.896858 -7.130317 0.019957 -0.017382 0.705139 0.708575
1759519362.001000 216.537003 -113.878304 -7.072161 0.019800 -0.018789 0.704729 0.708951
1759519363.101912 216.485260 -112.311531 -7.004323 0.019192 -0.020562 0.703726 0.709914
1759519363.902564 216.454651 -111.164886 -6.920423 0.017467 -0.020981 0.702781 0.710882
1759519364.603129 216.438171 -110.153427 -6.879818 0.019252 -0.021095 0.701769 0.711832
1759519365.303196 216.411240 -109.112816 -6.836465 0.019227 -0.022920 0.700943 0.712590
1759519366.204486 216.388306 -107.775375 -6.757789 0.017846 -0.021054 0.700839 0.712786
1759519366.905156 216.370346 -106.724556 -6.704558 0.020132 -0.021899 0.701009 0.712531
1759519368.106027 216.319916 -104.902168 -6.629908 0.019588 -0.019622 0.702427 0.711215
1759519369.407058 216.255219 -102.865829 -6.513672 0.017276 -0.018262 0.704236 0.709520
1759519370.107640 216.208115 -101.769989 -6.473778 0.019183 -0.020706 0.706321 0.707329
1759519370.908294 216.141281 -100.486649 -6.402884 0.017297 -0.019702 0.708399 0.705325
1759519371.609056 216.070694 -99.357422 -6.353781 0.018656 -0.021175 0.710803 0.702824
1759519372.308959 216.007492 -98.227798 -6.284488 0.018500 -0.020469 0.712522 0.701107
1759519373.110095 215.914948 -96.935371 -6.239013 0.018229 -0.020100 0.714783 0.698819
1759519374.010841 215.814301 -95.475288 -6.169994 0.019895 -0.021326 0.716501 0.696977
1759519374.711397 215.737976 -94.348267 -6.090808 0.018567 -0.021873 0.716469 0.697028
1759519375.612132 215.658005 -92.908089 -6.040891 0.017599 -0.021212 0.715295 0.698279
1759519376.412887 215.601273 -91.617302 -5.978690 0.020011 -0.020690 0.713554 0.700009
1759519377.613786 215.533340 -89.648766 -5.866868 0.018629 -0.019358 0.707595 0.706107
1759519378.514544 215.525467 -88.187820 -5.799653 0.020697 -0.020371 0.701768 0.711813
1759519379.315167 215.535034 -86.889580 -5.746990 0.019977 -0.020723 0.696774 0.716713
1759519380.015751 215.548508 -85.772179 -5.661608 0.018869 -0.020551 0.692498 0.720880
1759519381.016566 215.595047 -84.187019 -5.607183 0.018963 -0.020418 0.687663 0.725495
1759519381.717224 215.631226 -83.152046 -5.541129 0.018516 -0.018302 0.685317 0.727780
1759519382.617913 215.658325 -82.050095 -5.502908 0.018364 -0.017707 0.686296 0.726875
1759519383.818841 215.630234 -81.030029 -5.448151 0.018324 -0.019020 0.691212 0.722169
1759519385.320096 215.616348 -79.939178 -5.407264 0.018657 -0.020576 0.693526 0.719896
1759519386.721243 215.592255 -78.902351 -5.350130 0.017503 -0.020385 0.696855 0.716709
1759519391.725315 215.445740 -77.670311 -5.281983 0.020046 -0.021953 0.713996 0.699518
1759519392.826228 215.293091 -76.349617 -5.192484 0.019691 -0.022394 0.723178 0.690017
1759519393.626872 215.175629 -75.162796 -5.160800 0.020133 -0.022344 0.725658 0.687398
1759519394.327747 215.074493 -74.086800 -5.083082 0.019362 -0.023934 0.725571 0.687458
1759519395.128135 215.001709 -72.845436 -5.026608 0.018724 -0.023268 0.720280 0.693040
1759519395.928765 214.957520 -71.621346 -4.972796 0.019839 -0.024812 0.713600 0.699833
1759519396.929603 214.914368 -70.122055 -4.885090 0.017836 -0.023838 0.707236 0.706351
1759519397.830319 214.851349 -68.838531 -4.834739 0.018570 -0.025421 0.708849 0.704657
1759519398.731079 214.727280 -67.568626 -4.787302 0.017755 -0.025633 0.717137 0.696234
1759519399.531698 214.537430 -66.384140 -4.708243 0.016997 -0.026772 0.731343 0.681272
1759519400.332346 214.236710 -65.134323 -4.648265 0.016325 -0.024197 0.751403 0.659198
1759519401.133023 213.837799 -63.931698 -4.591820 0.018321 -0.023702 0.776203 0.629771
1759519402.434096 212.912582 -62.166935 -4.481869 0.021524 -0.020246 0.824321 0.565351
1759519403.434895 211.953156 -60.979088 -4.389950 0.026448 -0.021936 0.864862 0.500833
1759519404.335605 210.861191 -60.022655 -4.338827 0.022998 -0.018760 0.899914 0.435055
1759519404.936080 210.017578 -59.448395 -4.292686 0.016666 -0.015391 0.921730 0.387167
1759519405.736721 208.849487 -58.847927 -4.254456 0.017894 -0.016003 0.945640 0.324329
1759519406.537391 207.604111 -58.376606 -4.237686 0.014581 -0.017286 0.963496 0.266766
1759519407.238064 206.437225 -58.037010 -4.219435 0.010834 -0.017864 0.975047 0.221012
1759519407.938721 205.185638 -57.730892 -4.202302 0.009851 -0.019047 0.982359 0.185769
1759519408.539366 204.072372 -57.503990 -4.169546 0.011022 -0.021304 0.986830 0.159970
1759519409.139347 202.960571 -57.331272 -4.151737 0.007708 -0.020226 0.990682 0.134461
1759519409.740402 201.885590 -57.207024 -4.152164 0.008115 -0.020755 0.993648 0.110301
1759519410.441107 200.690628 -57.131924 -4.146869 0.005404 -0.021770 0.996025 0.086208
1759519411.341937 199.253616 -57.075878 -4.130734 0.005832 -0.022058 0.997855 0.061366
1759519412.242743 197.756851 -57.074459 -4.125022 0.004240 -0.023553 0.998821 0.042225
1759519412.843238 196.706940 -57.093170 -4.157272 0.003877 -0.023157 0.999296 0.029250
1759519413.543747 195.463547 -57.139385 -4.133686 0.004895 -0.022489 0.999615 0.015504
1759519414.144249 194.408432 -57.192646 -4.140141 0.002189 -0.023173 0.999703 0.007190
1759519415.145043 192.757919 -57.274448 -4.133953 -0.003264 0.023936 -0.999708 0.000577
1759519415.945660 191.490356 -57.324497 -4.138773 -0.002864 0.022748 -0.999736 0.001257
1759519416.646250 190.372528 -57.381996 -4.123192 -0.005586 0.021951 -0.999743 0.001125
1759519417.346784 189.231293 -57.418415 -4.105094 -0.008237 0.020429 -0.999757 0.001040
1759519418.047346 188.044022 -57.455410 -4.107311 -0.008896 0.019233 -0.999775 -0.000159
1759519419.048187 186.346680 -57.500610 -4.093058 0.007739 -0.017070 0.999824 0.001203
1759519419.653081 185.279266 -57.539051 -4.076175 0.006157 -0.018214 0.999815 0.000866
1759519420.449254 183.854065 -57.579781 -4.091246 0.004712 -0.016031 0.999860 0.001285
1759519421.249914 182.387878 -57.628822 -4.082101 0.004086 -0.018143 0.999825 0.001922
1759519421.950441 181.088562 -57.655682 -4.084001 0.005487 -0.016894 0.999836 0.003608
1759519422.650587 179.794327 -57.689838 -4.084469 0.006834 -0.016924 0.999823 0.004521
1759519423.251479 178.708923 -57.713375 -4.059598 0.005137 -0.017478 0.999821 0.005200
1759519423.851531 177.658310 -57.737850 -4.081027 0.005369 -0.015900 0.999855 0.002832
1759519424.752705 176.154724 -57.813217 -4.075944 -0.007089 0.014479 -0.999866 0.002855
1759519425.553350 174.848267 -57.885101 -4.052954 -0.002774 0.013793 -0.999881 0.006317
1759519426.353954 173.570587 -57.984425 -4.058807 -0.002897 0.014225 -0.999832 0.011175
1759519427.154583 172.299927 -58.092430 -4.063265 -0.003588 0.015162 -0.999749 0.016114
1759519427.855201 171.192993 -58.193409 -4.047066 -0.004213 0.015649 -0.999676 0.019618
1759519428.655800 169.924332 -58.318779 -4.062979 -0.002596 0.016529 -0.999579 0.023712
1759519429.456410 168.652023 -58.447392 -4.072485 -0.003738 0.018240 -0.999494 0.025794
1759519430.357127 167.234863 -58.575340 -4.046035 -0.003356 0.018979 -0.999492 0.025384
1759519431.257869 165.799011 -58.689842 -4.049780 -0.002074 0.019023 -0.999536 0.023679
1759519432.258660 164.189407 -58.816895 -4.069748 -0.000489 0.021300 -0.999551 0.021059
1759519432.959206 163.034973 -58.900982 -4.085306 0.000024 0.020674 -0.999603 0.019143
1759519434.160172 160.946259 -59.059235 -4.066424 -0.000921 0.022933 -0.999607 0.016105
1759519434.760638 159.899918 -59.117550 -4.077189 -0.006424 0.025191 -0.999563 0.014048
1759519435.361147 158.817001 -59.177101 -4.072735 -0.001914 0.025725 -0.999599 0.011703
1759519436.361959 157.040359 -59.277908 -4.055165 -0.006963 0.026509 -0.999590 0.008278
1759519437.162574 155.594742 -59.338512 -4.044174 -0.006445 0.024935 -0.999644 0.006908
1759519437.763031 154.499878 -59.383724 -4.062508 -0.006256 0.024447 -0.999670 0.004839
1759519439.064404 152.111343 -59.486893 -4.058876 -0.002786 0.023728 -0.999711 0.002731
1759519439.964806 150.614471 -59.536129 -4.061152 -0.002446 0.024195 -0.999704 0.000748
1759519440.765413 149.415237 -59.586590 -4.046049 0.004123 -0.024274 0.999697 0.000488
1759519441.666131 148.202972 -59.623314 -4.042549 0.003912 -0.023518 0.999715 0.001505
1759519442.666952 147.006027 -59.693317 -4.044121 -0.005186 0.023762 -0.999700 0.002760
1759519443.567670 145.897644 -59.804798 -4.038614 -0.005083 0.024893 -0.999554 0.015664
1759519444.368294 144.791702 -59.971531 -4.046453 -0.000232 0.025356 -0.999081 0.034543
1759519445.068878 143.721664 -60.236942 -4.088041 0.009737 0.025982 -0.997611 0.063259
1759519446.069652 142.287445 -60.836678 -4.161073 0.010432 0.023443 -0.991459 0.127872
1759519446.769762 141.348404 -61.457539 -4.180794 0.004371 0.019147 -0.981586 0.190010
1759519447.370687 140.623810 -62.152718 -4.220257 0.003890 0.021705 -0.967595 0.251542
1759519448.271495 139.845444 -63.341839 -4.262826 0.005351 0.024165 -0.935376 0.352788
1759519449.072046 139.441299 -64.424812 -4.300687 0.005790 0.023266 -0.899917 0.435401
1759519449.872696 139.226227 -65.429497 -4.396769 0.010851 0.027144 -0.863820 0.502953
1759519470.689502 139.150391 -66.536728 -4.418559 0.009685 0.022564 -0.817253 0.575756
1759519472.190447 139.293991 -67.776169 -4.493038 0.013238 0.021721 -0.760432 0.648919
1759519473.290899 139.509323 -68.978485 -4.554589 0.011999 0.019151 -0.718762 0.694889
1759519474.492259 139.751984 -70.469719 -4.611939 0.010307 0.020746 -0.692290 0.721247
1759519475.392972 139.882797 -71.577072 -4.674983 0.011505 0.023125 -0.689185 0.724125
1759519476.293719 139.959091 -72.652237 -4.734516 0.012209 0.025550 -0.691797 0.721537
1759519477.394579 139.960251 -74.011765 -4.822810 0.011044 0.026627 -0.704654 0.708965
1759519478.195237 139.928558 -75.084862 -4.896099 0.012856 0.026964 -0.714122 0.699383
1759519479.095931 139.851715 -76.339851 -4.972049 0.016844 0.028836 -0.725241 0.687685
1759519479.896564 139.794891 -77.404106 -5.008565 0.012548 0.026061 -0.732057 0.680629
1759519480.797277 139.740967 -78.669586 -5.069526 0.009513 0.024935 -0.733519 0.679145
1759519481.497905 139.688431 -79.759933 -5.125753 0.009652 0.024628 -0.734849 0.677714
1759519482.298574 139.616364 -81.082184 -5.192457 0.009502 0.025132 -0.736858 0.675513
1759519482.899020 139.554276 -82.081711 -5.234457 0.010464 0.024887 -0.737243 0.675088
1759519483.700991 139.503845 -83.350960 -5.292231 0.012733 0.020699 -0.733055 0.679736
1759519484.600306 139.517151 -84.696281 -5.345378 0.013874 0.018019 -0.723227 0.690236
1759519485.501017 139.585037 -85.957115 -5.412125 0.013300 0.017356 -0.713982 0.699823
1759519486.401737 139.637665 -87.145638 -5.471250 0.012870 0.018770 -0.710360 0.703470
1759519487.402558 139.704208 -88.473358 -5.500352 0.011097 0.020302 -0.707957 0.705876
1759519488.103098 139.754074 -89.507843 -5.565416 0.011117 0.022319 -0.706710 0.707064
1759519488.903728 139.818970 -90.799271 -5.627376 0.008843 0.021606 -0.706137 0.707690
1759519489.804442 139.856873 -92.250237 -5.684118 0.005849 0.019679 -0.708049 0.705864
1759519490.504989 139.881165 -93.359352 -5.719040 0.011695 0.020795 -0.709929 0.703869
1759519491.505795 139.897141 -94.811211 -5.797312 0.012421 0.019557 -0.712335 0.701457
1759519492.406060 139.896393 -96.056465 -5.848863 0.014491 0.016948 -0.714035 0.699755
1759519493.307221 139.889618 -97.346046 -5.910738 0.016265 0.016098 -0.715799 0.697931
1759519494.207939 139.892990 -98.680817 -5.982214 0.016894 0.012954 -0.715794 0.697987
1759519495.108674 139.913651 -100.073853 -6.028153 0.016100 0.006275 -0.712746 0.701209
1759519495.809229 139.962997 -101.210434 -6.099727 0.024798 0.013670 -0.708841 0.704800
1759519496.509780 140.022308 -102.348305 -6.134944 0.022392 0.010490 -0.706039 0.707741
1759519497.110250 140.056030 -103.363396 -6.187939 0.019829 0.009444 -0.707897 0.705974
1759519497.710731 140.083008 -104.414955 -6.236531 0.019558 0.011983 -0.708698 0.705139
1759519498.511397 140.111694 -105.854073 -6.310988 0.015935 0.011379 -0.711949 0.701958
1759519499.211917 140.131516 -107.134369 -6.360524 0.014145 0.015281 -0.715298 0.698509
1759519500.212754 140.145157 -109.031532 -6.441662 0.015089 0.017170 -0.717029 0.696669
1759519500.813201 140.166260 -110.219200 -6.505276 0.014250 0.019111 -0.716581 0.697097
1759519501.813998 140.188522 -112.113754 -6.602017 0.013313 0.019999 -0.716629 0.697041
1759519502.615617 140.203079 -113.579834 -6.686532 0.014474 0.022047 -0.717072 0.696500
1759519503.215122 140.217224 -114.679512 -6.745982 0.016025 0.025424 -0.716735 0.696698
1759519504.215928 140.206741 -116.406898 -6.789028 0.012412 0.013680 -0.718350 0.695437
1759519505.016559 140.218231 -117.727951 -6.836911 0.008758 0.013881 -0.718559 0.695272
1759519505.817240 140.202438 -118.915413 -6.885488 0.013843 0.015101 -0.718582 0.695141
1759519506.717552 140.198029 -120.132919 -6.935864 0.014796 0.016711 -0.720039 0.693575
1759519507.518534 140.186768 -121.139450 -7.000562 0.016094 0.017737 -0.720546 0.692994
1759519508.619417 140.199799 -122.428574 -7.081912 0.017391 0.018627 -0.718155 0.695416
1759519509.620216 140.226547 -123.651329 -7.166997 0.015894 0.019258 -0.715936 0.697719
1759519510.320781 140.247803 -124.707489 -7.222271 0.016132 0.017953 -0.714510 0.699209
1759519511.021323 140.278305 -125.914223 -7.264298 0.010622 0.014309 -0.713870 0.700051
1759519511.621798 140.291153 -127.033394 -7.350545 0.012934 0.017109 -0.713906 0.699913
1759519512.522516 140.294830 -128.742676 -7.425022 0.015559 0.015538 -0.716216 0.697532
1759519513.423252 140.276047 -130.361374 -7.520402 0.017594 0.016607 -0.720441 0.693094
1759519514.523637 140.236008 -131.741364 -7.603726 0.020355 0.019361 -0.724772 0.688415
1759519516.225507 140.197830 -132.768539 -7.693185 0.021698 0.023328 -0.728034 0.684800
1759519517.526700 140.155716 -133.900360 -7.771498 0.023110 0.025113 -0.729316 0.683326
1759519518.527624 140.153351 -135.035080 -7.821923 0.012777 0.020010 -0.727723 0.685460
1759519519.528571 140.235077 -136.188522 -7.893195 0.010371 0.019444 -0.715178 0.698595
1759519520.529342 140.355682 -137.471802 -7.950395 0.010130 0.026018 -0.705568 0.708092
1759519521.530149 140.436249 -138.879227 -8.029450 0.007536 0.028142 -0.703537 0.710061
1759519522.330779 140.466751 -140.082962 -8.107985 0.005705 0.026882 -0.706003 0.707675
1759519523.031337 140.430420 -141.141632 -8.182904 0.014291 0.021179 -0.709941 0.703798
1759519523.831964 140.435928 -142.303177 -8.212867 0.013172 0.022004 -0.713230 0.700461
1759519525.333189 140.363968 -144.298431 -8.332434 0.019625 0.020846 -0.719356 0.694052
1759519526.534129 140.323029 -145.728424 -8.391101 0.016689 0.020379 -0.724557 0.688712
1759519527.534934 140.273117 -146.834412 -8.496501 0.017810 0.021406 -0.728502 0.684477
1759519528.835967 140.179596 -148.382645 -8.560860 0.018580 0.018086 -0.731794 0.681032
1759519530.036520 140.161636 -149.944794 -8.671587 0.018265 0.016839 -0.725121 0.688173
1759519531.337976 140.211365 -151.708817 -8.764971 0.019647 0.018255 -0.716390 0.697185
1759519532.238702 140.237671 -152.847794 -8.805408 0.020014 0.016958 -0.713689 0.699971
1759519533.139408 140.276474 -153.954147 -8.888011 0.018258 0.017681 -0.711909 0.701812
1759519534.141165 140.287064 -155.249252 -8.934018 0.019919 0.016804 -0.711385 0.702319
1759519535.040915 140.310913 -156.481628 -8.994300 0.020266 0.016765 -0.711452 0.702242
1759519535.841621 140.355270 -157.581238 -9.059731 0.018100 0.019107 -0.711145 0.702552
1759519536.842334 140.281448 -159.130051 -9.037068 0.016093 0.013384 -0.710141 0.703748
1759519537.943222 140.284729 -160.370529 -9.150107 0.019698 0.011692 -0.711013 0.702805
1759519539.144326 140.314194 -161.647034 -9.192893 0.019487 0.013070 -0.711170 0.702628
1759519540.044922 140.318176 -162.666672 -9.239495 0.019375 0.012410 -0.714239 0.699524
1759519541.145773 140.287384 -163.833984 -9.292302 0.015472 0.011958 -0.720942 0.692720
1759519542.246654 140.118713 -165.070862 -9.406503 0.022235 0.021486 -0.739357 0.672604
1759519543.047343 139.834915 -166.036819 -9.542854 0.033573 0.028859 -0.763781 0.643956
1759519543.948041 139.356430 -167.078323 -9.538152 0.022535 0.026995 -0.802480 0.595642
1759519544.948815 138.421585 -168.066895 -9.600610 0.014337 0.024497 -0.864290 0.502192
1759519545.749457 137.581772 -168.677505 -9.628816 0.006620 0.034684 -0.908978 0.415345
1759519546.850358 136.462158 -169.073303 -9.639215 0.000576 0.033129 -0.955289 0.293810
1759519548.051417 135.324844 -169.214844 -9.604138 -0.007323 0.034197 -0.982145 0.184846
1759519549.152155 134.239944 -169.251160 -9.584136 -0.007354 0.030895 -0.993247 0.111591
1759519550.353117 132.950134 -169.198883 -9.575294 -0.008909 0.030526 -0.998488 0.044829
1759519551.554096 131.570831 -169.115082 -9.518723 -0.011763 0.028046 -0.999526 0.004688
1759519552.354714 130.553604 -169.117889 -9.535311 0.010099 -0.027540 0.999568 0.001714
1759519553.455964 129.135132 -169.156815 -9.500566 0.008011 -0.025084 0.999652 0.001790
1759519554.456601 127.978203 -169.175003 -9.483335 0.009863 -0.024828 0.999629 0.005244
1759519555.457300 126.902382 -169.065521 -9.419016 0.012495 -0.026594 0.998971 0.034539
1759519556.758228 125.357193 -168.656067 -9.391959 0.012453 -0.023056 0.995278 0.093457
1759519557.959213 123.940140 -168.301758 -9.365692 0.009483 -0.017053 0.993232 0.114493
1759519559.060054 122.406693 -168.183624 -9.350621 0.012709 -0.018265 0.996102 0.085360
1759519560.160929 120.679657 -168.197052 -9.303211 0.009662 -0.023574 0.998531 0.047828
1759519560.961756 119.372154 -168.228836 -9.292837 0.009426 -0.022973 0.999265 0.029218
1759519561.662171 118.272385 -168.294235 -9.276552 0.011420 -0.024262 0.999530 0.014881
1759519562.562853 116.907104 -168.408951 -9.236687 -0.009815 0.022050 -0.999694 0.005387
1759519563.263427 115.882706 -168.569229 -9.219744 -0.012466 0.024040 -0.999350 0.023790
1759519564.264219 114.461136 -168.807266 -9.196551 -0.009434 0.019920 -0.998683 0.046327
1759519565.164931 113.210686 -169.040573 -9.189200 -0.007154 0.020631 -0.998102 0.057588
1759519566.265819 111.922455 -169.273071 -9.172054 -0.008293 0.020945 -0.997643 0.064817
1759519567.566842 110.550949 -169.516403 -9.177579 -0.010607 0.018647 -0.997457 0.067965
1759519568.767798 109.086189 -169.755417 -9.137094 -0.013807 0.018659 -0.997616 0.064994
1759519569.668517 107.969673 -169.888687 -9.108548 -0.010496 0.018689 -0.998234 0.055408
1759519570.769227 106.820923 -169.963577 -9.120371 -0.004176 0.019198 -0.999088 0.037910
1759519572.770999 105.532928 -170.018005 -9.091334 -0.011535 0.020916 -0.999541 0.018619
1759519573.771786 104.188980 -170.050171 -9.044959 -0.017572 0.020566 -0.999616 0.006006
1759519574.672510 102.557281 -170.118179 -9.012062 -0.012794 0.023695 -0.999636 0.001601
1759519575.673321 100.703529 -170.210159 -8.973160 -0.011475 0.026196 -0.999586 0.003077
1759519576.373941 99.395264 -170.286987 -8.945203 -0.007938 0.028641 -0.999548 0.004581
1759519577.074433 98.070015 -170.355347 -8.929311 -0.009295 0.028872 -0.999531 0.004262
1759519577.775010 96.744102 -170.379059 -8.878503 0.012878 -0.030036 0.999449 0.005810
1759519578.475537 95.422394 -170.337738 -8.875035 0.012917 -0.029703 0.999317 0.017767
1759519579.676493 93.121513 -170.263153 -8.845291 0.009644 -0.026997 0.999172 0.028865
1759519580.277196 91.955513 -170.199463 -8.818195 0.004696 -0.024084 0.999095 0.034734
1759519580.977603 90.680588 -170.142670 -8.775835 0.008696 -0.026304 0.998807 0.040221
1759519582.078421 88.855484 -170.027298 -8.710132 0.011603 -0.020121 0.998758 0.044080
1759519582.778980 87.634705 -169.944168 -8.736898 0.008992 -0.018495 0.998726 0.046077
1759519583.479089 86.384720 -169.877686 -8.699532 0.010994 -0.017044 0.998772 0.045209
1759519584.180099 85.063332 -169.844360 -8.663021 0.010800 -0.016250 0.999064 0.038609
1759519584.980757 83.621193 -169.863831 -8.636553 0.013560 -0.019303 0.999355 0.027076
1759519585.581221 82.573280 -169.879791 -8.600401 0.014736 -0.018727 0.999512 0.020204
1759519586.281776 81.375771 -169.917236 -8.574945 0.013780 -0.017898 0.999687 0.010717
1759519587.082415 80.047035 -169.965103 -8.521877 0.013641 -0.017516 0.999739 0.005472
1759519587.983127 78.575684 -170.025604 -8.495797 0.012652 -0.016119 0.999790 0.000858
1759519588.783842 77.280128 -170.113037 -8.492857 -0.012885 0.017340 -0.999751 0.005523
1759519589.684505 75.815346 -170.214828 -8.500176 -0.012867 0.015873 -0.999709 0.012794
1759519590.385155 74.683228 -170.314209 -8.409334 -0.013962 0.016606 -0.999602 0.018037
1759519591.285765 73.246231 -170.441589 -8.389197 -0.015705 0.017608 -0.999489 0.021545
1759519592.286068 71.651443 -170.558441 -8.377748 -0.011422 0.017269 -0.999611 0.018677
1759519592.887048 70.644218 -170.633530 -8.339087 -0.007350 0.019469 -0.999667 0.015283
1759519593.787763 69.031738 -170.720062 -8.366906 -0.006677 0.020618 -0.999691 0.012202
1759519594.788575 67.158936 -170.862900 -8.325401 -0.010193 0.022987 -0.999562 0.015576
1759519595.689275 65.466194 -170.995026 -8.293866 -0.007362 0.022565 -0.999569 0.017249
1759519596.489902 64.010178 -171.113602 -8.278795 -0.007414 0.021026 -0.999565 0.019314
1759519597.190454 62.725449 -171.218323 -8.287448 -0.006595 0.021946 -0.999509 0.021355
1759519597.891027 61.405075 -171.319473 -8.255864 -0.009091 0.021039 -0.999541 0.019801
1759519598.791746 59.695782 -171.388000 -8.239387 -0.009491 0.022659 -0.999672 0.007208
1759519599.792562 57.864792 -171.287018 -8.189699 0.011453 -0.023448 0.999338 0.025352
1759519600.393024 56.809273 -171.156982 -8.174829 0.011778 -0.023571 0.998547 0.047003
1759519600.993515 55.758499 -170.983643 -8.116478 0.012851 -0.024933 0.997207 0.069222
1759519602.194455 53.638813 -170.516617 -8.097075 0.008452 -0.025769 0.993697 0.108771
1759519603.195315 51.935532 -169.971725 -8.058622 0.002719 -0.021547 0.989267 0.144499
